1582898,1441208,350079,341054,345426,90660,61163,18126,0,0,25
75028,91253,40739,8209,9225,4075,2101,1708,0,0,25
1006071,287065,76287,118256,151098,69510,13139,4936,0,0,26
825837,39522,9817,10529,25123,19049,5562,5348,0,0,0
529016,15790,10166,9812,4567,3218,1167,591,0,0,26
1167353,44614,29600,26521,22837,20842,8225,2812,0,0,0
1182188,322722,65418,21231,69183,42230,5806,7697,0,0,26
833604,32285,9652,13733,4446,4909,1771,1122,0,0,26
1865785,48750,28949,3568,22656,20861,2868,1811,0,0,0
687626,71545,33032,38916,29888,16863,5914,2028,50,30,0
2204771,303896,16718,14688,27406,22698,18369,7149,30,13,0
108238,6347,3479,2477,3346,1365,689,413,43,3,0
282369,62384,43538,6770,9696,5071,2362,1753,56,1,0
1156432,296084,65403,44391,36410,22136,7561,6470,48,1,0
1053699,11780,5147,5892,7328,5461,890,1087,75,7,0
166229,140883,18990,4175,17459,12010,9093,4001,51,3,0
368040,12758,31911,20895,42602,24088,8396,5332,51,38,0
997904,167797,20552,12915,10188,10965,2994,1603,43,38,0
1342941,82861,14691,22060,11104,12444,7773,1780,38,24,0
348001,35945,4118,8690,10658,16505,2283,1039,38,24,25
310457,16245,4358,1903,1095,618,222,141,38,24,51
331634,118685,52574,20523,35507,47415,17920,4562,38,24,51
1223233,54566,35625,19251,83084,62676,19796,7666,38,24,25
1915009,181279,159263,140835,262821,182445,34892,25787,38,24,26
2863027,145964,10196,8447,69658,25796,16105,4340,38,24,51
626534,26420,11308,18942,17271,11184,3960,1606,38,24,26
1415080,9032,909,2403,14788,5616,1823,711,38,24,26
3269478,139848,21631,14527,18389,8980,3246,2154,38,24,26
141958,67017,35525,7216,12548,3059,3220,1089,60,17,0
113028,12270,2789,3193,6072,2225,1177,2501,44,4,0
169362,50300,13602,6415,6752,2590,2784,2151,54,7,0
48355,23327,39205,11790,5184,4705,1801,1118,74,4,0
27360,48106,16658,18730,15558,7822,13171,1962,70,23,0
344958,93597,9394,24791,6253,10555,6700,4639,74,16,0
106612,26809,2710,1481,2968,2936,1326,1253,57,29,0
1086857,50740,14372,18098,6716,17440,3213,2786,40,47,0
36726,13947,725,1361,1407,845,494,147,20,38,0
829027,229741,6823,112255,32456,29464,8475,3669,23,38,0
39148,24101,253,770,1347,1854,479,245,17,37,0
741358,14545,4404,5752,18449,7462,1983,1249,16,41,0
1858542,16759,2683,2910,10378,4318,1731,973,16,41,25
1134971,202879,184423,31827,32628,101755,21723,8265,43,63,0
742005,14559,8946,6951,7448,4591,3671,2344,53,69,0
64237,1535,3656,484,4041,1721,522,576,84,90,0
409639,56348,16088,14198,5546,10648,3647,3147,90,78,0
358867,176684,9103,13151,8917,7700,5917,3352,69,51,0
674884,16716,24716,7027,26188,8171,6065,2384,69,54,0
71277,56970,6398,4655,3508,5243,4766,906,54,35,0
99776,18943,6762,1386,1021,3967,1974,1066,51,37,0
1038604,218418,130783,78539,119367,27334,38672,17229,69,43,0
592296,59449,29530,8454,17595,7363,5476,2457,66,34,0
102986,40624,592,3178,2499,1726,1501,522,60,23,0
980083,65710,4620,6057,9488,10741,6131,3311,48,23,0
837257,198088,29730,23592,17176,14551,5644,1737,38,21,0
202292,37953,27162,4669,39400,10887,4877,3588,37,29,0
623028,119165,21553,15567,43430,13348,8187,2303,48,41,0
1221172,147801,34789,19369,19689,17992,6032,4287,57,35,0
922193,271907,36618,29907,55417,27969,41220,5578,56,40,0
30747,20962,4495,2960,5530,10511,3378,2041,48,53,0
885788,19544,17020,13197,5066,9428,1994,1052,63,64,0
439669,117169,81678,37130,65244,45621,39188,10902,69,75,0
251125,37177,12150,7357,8759,14691,5223,3240,75,93,0
1736948,550319,16883,27573,47548,32806,38683,8550,63,64,0
464239,68422,42946,10154,6915,9764,6614,3404,60,53,0
240751,36570,57112,5530,3659,9188,8362,3152,69,43,0
671963,48917,3719,14670,10766,10090,7542,1299,66,34,0
853278,410372,102882,9314,48396,60126,14859,8572,80,43,0
707562,343791,33976,17982,82844,24462,11563,8820,60,38,0
290104,332763,43137,5585,17758,12551,2224,6829,34,23,0
747537,190120,22418,31183,42522,25062,23967,8384,30,20,0
1419961,130290,86922,51338,47065,33883,21534,13371,44,21,0
976183,209840,109882,119731,49086,18007,23593,8568,67,16,0
614556,88768,72273,20191,8644,10275,5643,4675,90,23,0
679630,36604,18702,7113,5397,15115,3658,3680,97,35,0
158179,28556,5980,8113,12560,4803,5253,3827,90,34,0
551889,10998,3512,6801,1927,1948,960,976,90,34,26
391679,639880,217188,204270,218832,192954,46039,37015,80,53,0
1254826,59316,35150,18205,37422,24461,10519,7260,80,53,26
857401,168200,77728,57946,80424,48460,30361,19591,74,66,0
19890,26868,5099,1532,3893,1498,1388,781,63,41,0
952967,282387,133077,37987,24845,26494,10376,8088,67,30,0
311637,74472,19921,42682,31733,9419,2398,2062,74,20,0
73897,12400,4677,3338,2121,3655,1297,328,74,23,0
714940,173921,215562,50080,13559,39422,14930,16037,94,35,0
152593,12199,959,4422,4249,1989,991,339,88,44,0
29971,62349,1237,21394,12934,3828,2500,2084,81,38,0
88289,8270,423,2462,1339,1291,1929,543,75,34,0
391740,28443,10903,6246,17622,8098,4452,1628,60,41,0
71300,11640,8568,3544,1825,3563,153,829,69,44,0
826264,41399,44367,16061,3962,11714,10771,4606,83,60,0
2009251,325046,39605,50259,88948,29982,19717,6061,80,51,0
44371,6772,3740,2679,3050,3056,1570,789,84,56,0
268926,106615,17578,20745,11598,5296,3695,4280,77,37,0
53047,16336,2066,1017,1901,3063,607,709,53,40,0
1822855,49717,12806,58980,7865,9800,3049,3455,74,41,0
60682,10252,403,3871,7198,2911,1846,683,63,38,0
848651,125913,5473,29072,21898,30455,19076,11211,60,61,0
34165,12980,1241,2507,812,1588,1151,388,64,54,0
1570737,33134,7027,1628,7883,5924,5274,904,47,61,0
1476761,489535,79339,126259,43467,29875,33910,10179,50,41,0
734464,226798,14457,26467,44980,32324,15555,11153,44,34,0
588073,10391,9916,12614,19678,4668,5140,2918,56,40,0
1698582,144538,65635,23050,18404,9213,8962,1700,66,21,0
213134,30011,9870,2727,14452,8020,8038,3217,63,41,0
2471049,16190,11704,5964,17870,9325,11391,2903,77,54,0
307168,162339,21921,47873,21476,23336,13755,5027,69,50,0
112979,25096,2551,3340,1537,1637,1189,867,60,53,0
1270266,146398,39258,45696,58428,31714,12555,10695,63,48,0
732928,551937,25230,85301,17506,38547,21649,7160,53,26,0
51522,10101,1839,6882,1455,1094,747,242,61,17,0
43896,59631,23501,4215,5656,13084,2173,4367,67,35,0
1285429,141938,63445,43365,38083,51465,20710,7150,70,40,0
27689,7540,1446,1509,2449,4122,1107,415,74,67,0
323120,85868,58969,41630,39690,31908,10054,6670,70,83,0
639132,24511,1832,4991,11391,5644,5628,1059,63,87,0
654942,100406,16161,30255,41074,8361,1136,3162,57,69,0
1982436,456734,57817,42743,58346,37292,12747,9818,56,44,0
1091747,160225,11014,6177,11311,12426,7116,3403,35,34,0
1519851,29533,37707,8683,9804,6600,6096,6250,54,21,0
1370673,431903,60685,117673,95429,44965,25197,5078,54,23,0
182433,46379,12686,8958,5482,8080,9542,2110,63,29,0
1877847,144487,16801,26171,22050,54143,8988,8297,70,50,0
243701,42604,12761,12406,11544,6515,3040,4955,61,51,0
606103,80336,3858,11169,14689,11738,2999,1463,51,60,0
263447,131568,3373,6550,8022,4990,3076,4866,34,41,0
1244512,325332,37635,34746,23400,36252,16719,7319,34,24,0
143548,4038,5013,7515,2438,3701,1450,614,47,37,0
84514,8670,1586,905,5696,3554,2037,1003,47,51,0
1490083,347481,40799,15728,73158,37863,19214,11960,53,66,0
201751,235887,48632,51630,34408,53921,12677,5882,60,75,0
241327,14947,9990,3589,8439,9612,4111,1734,44,81,0
1614819,115240,10126,103349,53535,40202,32139,8660,61,74,0
3333681,571794,144772,121477,95014,100170,71399,7699,75,77,0
1092524,180441,145286,15994,50720,43423,12091,9962,80,74,0
81885,19705,3375,13681,13759,8496,3753,2004,81,67,0
1074125,188793,13467,34348,51837,25595,15646,8304,66,60,0
106090,12076,8586,2101,1262,3809,692,566,70,64,0
1351692,431106,142590,49087,67666,18621,13184,11153,66,44,0
165312,35578,3658,18817,2051,1878,1708,466,69,14,0
121441,37622,11958,8850,23884,3710,943,2199,78,8,0
144794,141914,23142,14865,12742,6228,5575,2786,67,1,0
72195,16467,30458,125924,74898,34669,8169,5578,81,13,0
219017,661654,35375,126359,17849,38155,11600,6152,74,20,0
1046086,284361,40174,31160,40336,55940,14998,3615,66,34,0
54597,8367,700,2676,2120,1477,1315,183,67,50,0
617520,14521,9726,6841,8523,12529,3625,2556,57,60,0
655994,52741,17347,29808,59191,38848,13657,12634,61,88,0
290682,197977,21469,26635,30608,36923,8032,3958,60,88,0
1499151,79228,70246,80820,49160,36520,25980,4400,74,90,0
439327,13132,13008,7863,11819,7099,3883,1217,75,80,0
618221,335760,65105,170100,51267,24069,7473,2294,83,48,0
170058,12075,1961,11416,7207,4022,1813,1178,97,50,0
258464,71512,43037,11328,34474,26451,14519,4025,88,53,0
117281,111422,27618,5912,6062,2327,2653,1528,80,24,0
105272,5889,396,1056,5518,1699,960,300,60,51,0
807041,68821,43001,11166,5189,7473,4619,1064,61,41,0
563639,80037,38038,15164,59108,26231,6857,4536,60,43,0
264897,25234,8337,8793,12678,7108,1070,1779,63,70,0
415574,24582,79791,43791,26176,22859,9124,6898,91,66,0
33480,1694,3698,5043,981,929,374,501,100,70,0
54501,1936,4059,1838,848,1659,716,202,100,74,0
370168,56964,3499,18778,12204,6295,3215,992,100,63,0
537863,82619,10248,15803,15085,11119,6546,3712,80,57,0
1916040,80260,22366,26018,40644,17081,7867,4623,60,63,0
2311349,542247,5642,41221,31193,16998,15507,6005,30,41,0
492864,190477,21716,5580,3073,3335,1207,835,24,21,0
221843,43744,22598,2730,10371,2812,2271,679,30,10,0
1464540,114648,64786,24253,23118,32700,8747,5160,37,11,0
261462,45450,21823,2802,9849,4075,2697,1493,53,20,0
631779,52281,6144,3136,8985,4129,1038,363,54,37,0
100931,8116,2603,1850,1194,2049,486,200,53,56,0
118513,21434,2958,1813,975,726,610,245,44,35,0
135071,53839,5748,4121,2605,2172,772,824,35,27,0
46633,4652,10673,16361,2126,5004,863,1074,63,38,0
1363741,110802,68349,18929,24165,12613,18876,3387,66,26,0
1899488,647198,194456,74929,50745,25190,6075,5386,70,26,0
3047775,5107,3368,4578,3776,1603,399,309,70,26,26
151862,5898,1442,1687,938,566,447,242,81,34,0
1634454,34255,10586,30487,10651,6585,2511,1416,70,26,0
1873044,32216,1352,4421,3208,1311,486,275,70,26,26
41302,4581,5347,1816,2624,784,569,223,77,26,0
29862,10865,3506,1301,3586,5307,1229,847,70,56,0
11226,3847,2389,2248,2635,1474,932,757,75,66,0
49259,14471,12874,3382,3400,2189,1357,266,75,64,0
206331,138858,41888,16862,38660,6925,1018,2037,75,64,25
1676103,14909,8625,4857,719,2889,330,212,75,64,25
574716,246931,107175,60227,49026,12458,12231,12143,69,56,0
42082,8955,2616,529,1302,714,78,72,70,37,0
64684,109403,16398,14091,16529,8259,2252,2843,61,24,0
34666,69311,12025,8204,32446,8736,3788,2624,47,29,0
595767,22587,9080,4461,4483,2238,955,918,47,29,25
2057809,102577,25200,28335,13097,4718,1766,1165,44,29,0
706417,30043,15847,10511,5083,4748,1376,349,44,29,26
34057,1029,644,96,129,274,98,35,50,41,0
145146,31385,6011,4658,12694,3801,1271,928,50,47,0
15171,24225,8421,4003,2795,1494,435,610,60,35,0
51977,9618,3481,2531,1525,896,383,494,60,41,0
735627,43505,23144,11492,4716,2998,966,518,60,41,25
1124097,112460,12495,12158,15702,5510,2138,1553,50,23,0
9053,1141,1069,857,126,186,66,36,67,20,0
13566,8060,1842,5419,2690,2049,871,722,70,35,0
5847,12002,4703,5680,1380,2934,1083,563,74,47,0
885477,264391,37781,14803,6642,7186,3063,3818,74,40,0
612901,50525,28850,23247,4821,9872,9671,4295,66,44,0
47762,7157,1611,1473,1250,1801,306,200,61,48,0
83251,32465,3968,4164,4514,2676,1667,1116,50,40,0
25740,30467,6589,4043,1317,2142,2343,668,54,48,0
18350,5603,1684,2979,3609,1614,1513,1651,50,54,0
28894,7622,771,2006,1202,2022,450,470,48,54,0
7858,11109,4076,4325,2097,889,1663,1040,57,50,0
13274,6888,6921,2579,3695,832,1498,888,69,48,0
5708,30864,10795,2714,5447,1806,1572,1141,66,35,0
24378,9925,6356,1225,3525,1400,804,634,74,23,0
68034,17020,1440,2818,1356,1488,445,561,63,27,0
2174762,139410,83887,34958,50705,10405,16984,9501,60,26,0
163550,62412,17388,14200,14729,9170,3291,3848,60,35,0
204117,29875,22711,5595,11785,4834,3740,1812,61,37,0
59814,18756,1999,8429,4747,2513,640,669,67,38,0
7226,6747,2384,1711,1650,2585,666,199,64,60,0
40333,41890,9762,13095,6034,9123,3084,2152,64,64,0
284057,14110,6218,5204,2252,2092,609,373,64,64,0
136824,190298,9055,80633,15964,19982,1224,2677,64,63,0
24156,6807,4470,10248,1296,3230,871,805,77,56,0
82846,23267,8560,4451,7433,2355,1105,906,75,48,0
8311,5874,2479,2607,1431,2357,632,445,74,60,0
2876,5598,8981,3563,2388,1755,1104,606,87,64,0
1759,6625,5385,6561,1636,1239,681,557,84,53,0
1114222,20974,8922,13662,5729,5172,695,497,84,53,25
1742987,146388,31960,17831,22950,8355,2527,2008,83,50,0
602577,7870,1413,3003,982,314,202,33,83,23,0
63894,5985,1502,198,1283,540,235,258,64,20,0
9046,5724,3120,1816,1584,1696,879,802,56,30,0
4347,10004,991,2082,2774,1096,1094,731,54,38,0
7994,6914,4902,3438,1876,1191,873,798,60,51,0
35199,15229,2697,12211,5047,9567,1801,1632,69,69,0
5657,3513,2346,987,3422,3794,414,412,64,84,0
4056,4228,5679,5534,1406,2111,650,759,81,90,0
9497,9445,2304,2669,2155,1187,718,404,74,90,0
9043,2805,3589,1607,2661,1276,601,312,77,80,0
3226,10374,2006,4757,2108,3541,532,266,80,67,0
6469,5695,4360,4823,2897,1201,654,302,77,61,0
24698,14384,11220,34987,6748,2762,2850,1656,93,54,0
4949,5619,5480,3137,2239,1071,356,374,96,48,0
35717,3675,680,2283,2120,1140,339,343,96,47,0
981966,20884,7640,7497,5123,11827,2386,2536,87,63,0
14739,807,1922,5564,1994,1061,281,269,87,77,0
67166,16321,34138,10544,14541,7309,4288,3908,87,81,0
31353,27731,61012,23315,8452,8255,2832,1387,100,70,0
2711,3432,3786,13457,3286,4033,833,717,100,64,0
61840,35204,7784,8205,2595,2916,1446,564,100,56,0
262661,36308,7106,3466,3864,7360,786,1285,87,57,0
53019,61175,5701,854,2460,1779,904,868,54,44,0
61962,1886,1144,818,463,374,132,452,47,35,0
8223,21469,4579,5994,909,1578,601,338,48,34,0
2994,4237,489,1807,2566,1443,610,906,48,37,0
604135,25601,13634,3171,22143,6516,3082,2913,61,60,0
2068,4581,1224,2446,3753,3083,527,415,53,77,0
22834,15023,4210,739,2056,1612,557,604,47,81,0
21703,14005,2006,1352,1164,1360,1076,567,44,67,0
11122,13476,3130,1561,2828,2243,809,735,41,66,0
24340,15408,13563,8395,2977,909,1132,1006,53,35,0
133979,17171,4858,2924,6802,1435,1664,885,56,29,0
143635,26454,723,698,1517,732,564,367,41,17,0
9443,6657,1498,2307,3063,2478,894,317,44,24,0
11324,9472,2559,3093,2924,1970,1086,805,35,44,0
635993,22467,14139,49626,8505,5442,7556,7696,51,47,0
1105005,85363,2807,27655,20371,8176,3734,1603,69,57,0
52514,3242,552,1056,799,269,205,172,70,41,0
57238,32223,5129,3744,2873,1959,779,923,64,27,0
10256,5191,3997,3572,8140,1445,797,438,51,37,0
