6521801.73183,0.0943347005677,3792508.15309,0.0552549299661,82163.466498,0.0155469405473,318257.788745,0.0905605288028,493152.235656,0.041902800901,712245.189501,0.0435275615176,346936.743473,0.00759403670908,49126.7094713,0.011482865583,105.865106021,0.036135519469,158.855684702,0.0317951401962,
7732124.1534,0.118131505126,2050015.61136,0.0696635753348,259558.015786,0.0753038713959,461622.239292,0.209335255164,393306.101581,0.0478867282602,782014.583164,0.0648962401105,220482.304569,0.0113883319906,132364.137699,0.0538526103137,149.339644751,0.0792075223336,165.469331888,0.0990208390554,
10827113.7405,0.132035972426,2315039.52167,0.0828591502816,35071.6519815,0.106781170133,383738.937346,0.210372729109,929951.150299,0.129029840691,783794.414621,0.0820375334467,143789.994651,0.0683158160173,157192.636926,0.0564458708837,76.9784730659,0.120360827399,195.758064785,0.132085478338,
10494854.2385,0.14089052734,1140849.75566,0.136728488459,395135.753029,0.139445102482,377985.772919,0.252489981565,658734.693279,0.139147979053,873141.723359,0.102152469602,118659.015714,0.103353876119,46366.9338573,0.0698052569397,98.1779674647,0.1695229219,238.081075993,0.155856013797,
5451471.17442,0.142509389564,767170.525173,0.187129560804,457451.329571,0.184820352116,404536.105936,0.260914919061,1049964.36044,0.172818288097,764653.542236,0.108701236842,447975.285154,0.133646030896,209431.691348,0.0846161701792,95.1242277811,0.17449346001,331.659115032,0.185876062215,
10335229.4896,0.144863500589,1674582.19571,0.190412398611,701735.24174,0.209637563914,216367.389987,0.280024316774,1208193.68467,0.179227157648,528756.745173,0.111364160179,1985.12564807,0.134305690646,170535.467929,0.138381866009,138.466491457,0.217066154495,181.239980276,0.245304660345,
13521160.4968,0.176926992319,2030063.62683,0.223900404058,243771.61097,0.239229202121,199605.815119,0.332658530515,530280.797196,0.186050719004,605856.966525,0.183346670328,232413.619229,0.149826543069,51043.5950785,0.146895146267,461.676058723,0.320431159254,708.375936506,0.248934635509,
5776454.97791,0.208903936757,2000743.06565,0.251941138402,709295.748031,0.327337603875,276640.656814,0.33800912153,748296.34775,0.213596281866,675764.354628,0.233206462106,238896.311989,0.152518897264,51969.3487897,0.162876082752,610.200947181,0.340221425545,76.038341248,0.255026794552,
4215089.6501,0.275058836042,416545.658651,0.259513117918,143997.915821,0.335397445373,342658.328189,0.353824898659,793129.900518,0.251555110058,483715.560948,0.239500716191,525836.994956,0.201007296626,217382.468065,0.165380554786,240.533020639,0.346400364087,394.307084844,0.333768980192,
11913298.8212,0.285224228846,1137012.02113,0.289655013382,333618.707857,0.335994898551,364974.052044,0.363233839001,553548.731276,0.251839866035,539073.249867,0.248463591393,332741.218022,0.209954940895,67362.5983713,0.169160174785,53.6567606097,0.401456475822,588.995614269,0.362855450902,
3171370.17429,0.321213582119,1191687.77281,0.307727783547,541433.251258,0.36399452174,527666.859476,0.366797490758,607728.104707,0.268861102416,527717.703163,0.260619016943,147162.947311,0.223770089429,115047.515315,0.213909638465,430.307881464,0.505802148746,150.653585782,0.405469473845,
5832411.54286,0.330922869134,2219041.52303,0.337339276092,285626.546228,0.364615172819,154927.379801,0.37386968384,1081126.13449,0.294315593183,864995.249162,0.292325288985,223819.473595,0.286033129259,270187.507896,0.214707418665,68.8954823815,0.60254292112,34.5650443639,0.438782910677,
2785939.30943,0.343414564312,4100035.74382,0.38200983762,283028.197227,0.370670758981,373168.607002,0.47467414396,598990.750235,0.310436738873,618414.744702,0.310607408547,84071.0705378,0.290049045951,228492.374364,0.226485491529,222.714746917,0.628452640772,122.782589347,0.472182629562,
13617251.7555,0.404205249475,1178816.81647,0.39330375306,627453.669778,0.380564925278,268309.595146,0.493209469977,668269.863527,0.319272002753,239008.330927,0.326245317351,125709.744722,0.336058190835,102741.279269,0.317260880822,301.161556001,0.653080637307,484.570391419,0.517688007672,
10434744.0881,0.411773989954,1176163.85058,0.396758612695,244275.68367,0.440310103992,555184.106273,0.493591814587,395248.560676,0.339325504854,694889.974004,0.335587962381,168175.18641,0.365709305732,117109.146275,0.333524069361,119.902691981,0.661955368342,111.792377741,0.550950719996,
10859836.6851,0.438303376045,1652160.09235,0.406030124625,518776.903396,0.466904915046,135970.468505,0.4970964099,542160.721471,0.349406978512,636467.820784,0.350324253012,166426.564892,0.393797103589,105354.226211,0.405674261576,76.2336288505,0.783258741104,104.87123556,0.572143222235,
4381599.27253,0.483761817679,888768.3029,0.417163302664,835664.347925,0.524458907699,167715.832483,0.497273314346,693621.344904,0.361920006217,604682.936347,0.35386875406,195304.298222,0.420240070781,73442.838704,0.445815086726,46.7677320967,0.797939574771,73.0962286829,0.876996951173,
2667450.1954,0.557078642329,732027.985523,0.502671611136,412975.92818,0.532475238228,728294.802457,0.515891490899,507975.856941,0.362299092958,970772.467991,0.402441640305,237686.987443,0.422339572256,58523.1699702,0.448138738941,392.705333896,0.834043879264,72.9454133997,0.895677084133,
5760329.63813,0.567672986423,1875350.43277,0.545588379233,139784.319451,0.551986083546,247846.228885,0.519050888911,658435.184333,0.483723768368,630106.579291,0.463980368056,238755.992915,0.428355828583,44151.2454189,0.455101900788,110.752283587,0.873111257965,159.723981421,0.905174999308,
6304141.89686,0.59018633856,2000114.46636,0.567090052551,181752.483943,0.582248300032,695538.526458,0.520084328419,447984.110524,0.491602487056,709975.567857,0.46439201879,78465.4600226,0.438815681451,97620.8539467,0.487733532198,65.7829709918,0.879802074417,205.573916094,0.94016915443,
13193276.7458,0.597206637452,1478218.32613,0.610447700961,153271.047873,0.586903682323,449244.839682,0.52051032869,399592.082585,0.506980210171,389009.206151,0.484989434392,398198.018191,0.588010628672,52684.3863067,0.526570150714,585.959967892,0.895871978464,662.422003041,0.944190033276,
9108898.48871,0.597448035186,2353540.62593,0.634305948193,269993.550579,0.5905027478,260525.041609,0.539320386761,518571.137173,0.531948630619,607541.857459,0.499252857153,243616.558494,0.590565581315,177069.248665,0.558287153282,98.2967412943,0.94256563378,262.050689022,0.989174902719,
8812056.70774,0.598950766671,1369706.77655,0.668347346457,168697.004594,0.633747535481,294197.073991,0.576818290754,666515.520104,0.538213662761,635737.926457,0.536015236684,269436.161115,0.645590406741,55483.9300957,0.590019770051,133.683245047,1.09607880063,854.155124058,0.991625611714,
2024883.00841,0.612783697854,2041974.04767,0.672906953187,153468.185355,0.640373712397,421767.652191,0.60758649129,863348.443151,0.544680936655,856664.140516,0.5468086795,229956.034299,0.664063417419,39608.5432513,0.661470667573,41.0178426902,1.10970812222,187.576589727,1.0242765547,
3305873.22922,0.614910807368,2515293.38846,0.698964279387,393473.955486,0.647745539856,240073.981246,0.614895950326,672293.22863,0.558485692241,683616.229509,0.569690562693,69530.1182506,0.681356151468,122412.042547,0.681185293605,278.844427554,1.13722721793,125.535137868,1.02631084942,
5151782.30414,0.683296444223,2450720.44125,0.724768756794,590810.897253,0.652970342535,317209.216259,0.618046630135,492706.458726,0.586677353822,861298.392018,0.586072917747,77269.155274,0.681912877469,84862.7535177,0.693919559861,856.839025128,1.13945714072,32.5032332473,1.0465532345,
5411625.83284,0.70236155986,1824433.75092,0.738379932433,217081.368373,0.653125020611,263907.590082,0.632149988581,477321.484867,0.595129495916,576454.106981,0.609593239774,358148.160561,0.704847991581,134974.469482,0.721124720838,3.7903379177,1.18190299932,842.551610367,1.04908656276,
8440612.01191,0.751595387013,424952.900468,0.741414218685,246440.203312,0.684811161841,200233.58605,0.674321643133,1138087.65781,0.629675536323,574605.082245,0.665191844372,148774.587657,0.731819908851,17513.8304701,0.805756401123,188.732229833,1.21854431406,228.819404374,1.05280110225,
4005468.05035,0.788898809028,3917869.31066,0.766203689546,315568.861371,0.717059147253,679677.595483,0.683530640478,223295.140706,0.642085539762,514386.443555,0.680722435359,353227.40265,0.770199607751,136257.329469,0.806738871858,16.8118901609,1.26370545977,206.184164702,1.06402416889,
4438546.86497,0.793232245549,3191458.28516,0.772782758701,428542.91322,0.723122167999,565060.037564,0.701059367395,307631.494041,0.749665375727,864571.707602,0.694595081754,593912.313305,0.801499544993,55172.9833502,0.840528361914,123.576832756,1.31855237232,163.392875484,1.07454685941,
5683232.8561,0.81707507915,946417.831488,0.774663696808,155724.591814,0.741537802077,254193.070436,0.707018854221,843641.424994,0.828115423389,756457.341039,0.788910750529,320583.735627,0.810854484272,129796.168206,0.856607726755,159.852779965,1.33327330282,165.111226803,1.09183724416,
3398502.52959,0.841395779035,1912078.64027,0.787199969461,232475.864705,0.747493318258,640341.609387,0.719240878198,501375.384326,0.834739682676,850923.072754,0.801668973132,63098.9330358,0.842353209896,100374.709033,0.857436186571,188.156367332,1.33367536105,252.602618234,1.14409134551,
11054602.0685,0.851310508341,1573156.25133,0.873464839503,303006.526049,0.767756203027,153097.28231,0.76483123813,429544.639551,0.842429987526,625997.273422,0.827292066077,419829.988966,0.843039112201,149980.326279,0.866712031586,143.724268409,1.35434497172,858.15825193,1.30644430856,
8227125.35218,0.889139530658,1126309.26227,0.963472918228,649082.051728,0.813703617187,392608.79324,0.783093824823,1116102.81781,0.850249750319,518365.961105,0.844109211944,166169.712831,0.845932738946,62531.1327829,0.867537016692,53.8869428744,1.37893982174,63.0291861985,1.31936305844,
5166610.20446,0.899206691785,2203760.04362,0.980065611124,413290.805956,0.824214665326,471177.530857,0.836535248941,764432.207804,0.875204992381,632766.099366,0.902763840857,277281.644726,0.860119533387,97327.8194823,0.877568667769,396.196561473,1.41576655532,172.292871278,1.3323770219,
3099982.52132,0.903899072665,2593705.13901,0.991953564073,634710.195751,0.841665282133,566128.208397,0.844966079414,527580.017433,0.875562299364,655892.933435,0.923859319792,43113.9871033,0.870244366514,211152.865462,0.894622714178,26.2739888947,1.42033783535,96.2231380615,1.38174698611,
6165060.47653,0.920634395025,230518.153662,1.0013125134,347262.539467,0.842358419872,316214.871033,0.850766574581,803653.220841,0.882228109498,1041351.54857,0.930951470495,365808.401509,0.903811344901,172656.866,0.914988016776,569.023285927,1.45567693141,18.4478042162,1.49579102304,
12947649.5448,0.925299604634,3305961.18073,1.03456037184,475679.406474,0.843836471609,308654.59428,0.879446808523,756924.867136,0.916272481243,444424.260806,0.937878047441,28737.098115,0.917740959378,195815.021139,0.94717774199,456.241117941,1.47899709235,375.544670723,1.50308035877,
5839754.56631,0.941575876715,983088.620184,1.04759058998,202590.57579,0.914591047065,457701.305571,0.915144882832,876385.275895,0.959245560786,276100.787539,0.96895887786,326202.109152,0.919305543105,170913.715861,0.952944376812,606.576028907,1.51181176286,68.8549639916,1.56910670372,
5078676.1809,0.945120190837,154844.653131,1.05911383832,524156.279205,0.952281463798,172088.756384,0.936854028215,961245.027406,1.00611370804,548332.310565,0.995347263923,433309.695538,0.924224192195,66946.4812446,0.96302379054,337.558123606,1.52152386603,419.320209798,1.61872976695,
13218109.6958,0.954379580924,2346687.17667,1.0654950178,485306.713219,0.958479596233,97843.6612528,0.937513589387,1222899.96691,1.01085709393,731335.083768,1.00841380671,235123.120436,0.971475264485,86156.869788,0.999987301219,127.362038468,1.55039775423,593.309465037,1.66437262344,
5987341.51834,0.95835976395,2467786.82379,1.10425431508,259149.694002,0.964337791013,187278.275961,0.937592657487,655069.999895,1.02121053375,725818.722749,1.01636801616,428963.031382,1.0608782352,95286.716667,1.00774161102,170.103931097,1.56363330369,155.392887793,1.70277791473,
8317072.54969,0.981407030502,2170244.75781,1.1161905857,325883.508704,1.00701897863,423091.203915,0.939670155334,489754.97847,1.02980431474,390249.052886,1.01891873201,387607.587135,1.08550980349,127213.148565,1.02904768776,100.128427028,1.57984650841,45.6872686888,1.70893197516,
5426632.41404,1.0116317395,1659038.16556,1.12111005378,279663.724688,1.02102601162,165680.587383,0.945329174291,684906.737534,1.04358172361,678971.566736,1.01938670832,171610.40298,1.13150872433,129310.10497,1.03499968316,45.8085207468,1.58191715728,61.7936256898,1.72802449772,
5457338.32746,1.01515574832,1147209.3081,1.13051814805,335139.617164,1.05547473315,382122.859143,0.948201092017,640009.597561,1.0534274805,660741.527639,1.03572182331,123477.311006,1.15611200537,285911.454506,1.04109993322,22.1979427594,1.63301599947,55.636599393,1.73173755587,
6085491.61095,1.04617002305,1716401.08078,1.13587061381,428465.531587,1.06072646206,454612.787301,0.982489850046,810761.737233,1.06902451408,530389.156389,1.04114129174,357587.895702,1.17531625529,231404.759311,1.07583118639,387.427822561,1.69571759107,440.298977888,1.77175451999,
3404314.78507,1.05011455704,326668.702761,1.14149358012,635053.719402,1.06965658515,112743.465894,0.985840555074,1051218.35312,1.0984460742,780077.611312,1.06088055795,297743.359062,1.18152615309,40577.4521539,1.0925005385,92.9757533386,1.72919149905,57.3491217762,1.80438229992,
1346548.42546,1.07138197374,859220.405124,1.17197035898,422123.799381,1.075228625,957232.719002,1.03331487915,1001410.41016,1.10227742279,433660.265814,1.09612541507,167371.668392,1.18898021181,136357.125069,1.09467093544,4.57292710035,1.73881363555,713.581335203,1.81013245281,
9825243.55312,1.08444265161,2781236.3134,1.17612105392,431851.500163,1.10214376427,415303.967229,1.10660608472,879025.638194,1.10835571105,672452.873177,1.11193973497,123207.238972,1.2018622825,68643.3457818,1.10578957842,311.651637714,1.75819120478,489.544799996,1.83271790249,
7855804.61723,1.12477767148,1988571.42173,1.17837236758,461029.470825,1.1045256045,332911.022371,1.14873826364,978347.125304,1.12737203664,532822.680408,1.1196973939,298356.242435,1.24163488024,138822.869159,1.16306263631,274.314818581,1.79349566732,89.73522978,1.84011671706,
6135400.42787,1.21122079196,2663955.4238,1.1975977979,208702.368552,1.15064754846,581164.695326,1.16847739498,410728.434983,1.1659739517,440806.521454,1.14228688388,131704.805649,1.24176066665,54146.5103225,1.18545009785,495.964299494,1.79747239607,103.100439847,1.87480730629,
9694464.08988,1.23790674628,3349250.04842,1.23810734375,977410.461389,1.15695863554,302255.701638,1.20248674663,751416.392432,1.18343193449,494644.89069,1.18503838044,246858.796232,1.24362660345,76135.2252234,1.20262744744,431.152379928,1.81429466606,157.337107719,1.88944112331,
7041783.46267,1.26265830418,2416711.36159,1.28503620835,259604.456398,1.22185175338,685816.436282,1.20529686487,557048.302117,1.18924471082,430851.027341,1.20987210672,609025.953298,1.2910820591,72036.7304627,1.23533717658,26.7507579414,1.81787655126,125.322642063,1.90433823945,
7901535.53853,1.28037085876,1852906.19442,1.30164755745,294637.448723,1.24413870325,481585.781993,1.23295710994,452935.266812,1.21514062616,778664.790116,1.21236062367,619223.501987,1.30827079901,190114.808189,1.24615417624,511.546814656,1.86660657893,879.387288175,1.90848644123,
7207213.74209,1.28123142524,1412019.13453,1.31144643418,308987.534561,1.32830135139,322922.069623,1.27372839094,1216193.77246,1.26775920516,961741.660787,1.24331787231,491451.411596,1.31260169228,159367.144757,1.24703964568,165.119879361,1.87520285673,89.7998273156,1.91482712451,
11771725.7855,1.29865436879,3329207.00268,1.36943394099,361341.613886,1.33812605018,867385.252062,1.28494811803,792759.379613,1.326112391,813848.59727,1.26081861782,244476.500966,1.34987797739,76345.554476,1.26120126125,250.504004134,1.94787416538,158.770829382,1.93195306497,
2592745.09057,1.36527906637,1744030.60716,1.40376585973,108340.933355,1.37107657025,392407.803231,1.30111502585,879917.097112,1.32776003516,580187.658721,1.275393764,34110.3587344,1.35209835419,316925.364627,1.27064385388,161.902488826,1.98348036653,826.552145342,1.9562072098,
6320371.7143,1.41126433673,3235681.7131,1.40827414486,582873.770319,1.38879719029,135303.258169,1.31003417328,899170.722334,1.39888421317,616680.584952,1.27566840391,376221.727825,1.35671550478,53716.8837929,1.28249138622,74.4361633247,2.03315052444,691.193923476,1.99926717459,
12739174.7686,1.41143156216,1943651.52076,1.41571221644,550081.64914,1.39052848513,324097.326569,1.34159379117,436427.684919,1.43868129689,927759.509909,1.29620423923,94479.8697388,1.44551827665,171064.231004,1.28672604593,443.439695158,2.08200001534,88.3717190735,2.00929001946,
2046441.46485,1.45890904846,2143708.75861,1.41686080387,723584.137736,1.47559008661,323523.654397,1.37376284792,792284.400803,1.48965705192,966965.701961,1.36061656257,277580.00135,1.50129490453,85772.8357948,1.32029569356,20.7889988422,2.11638484991,364.618221289,2.11085453151,
3774559.89101,1.47688231433,3673745.96147,1.45905162732,215282.896186,1.50005206174,360589.836684,1.37521486804,753774.752059,1.51201578356,595968.577849,1.37651260244,96053.9413109,1.50331205129,202795.849569,1.32169732284,302.600606886,2.12889763895,133.757957572,2.11891827042,
17199111.5763,1.4817722659,1298992.37954,1.46075584215,800345.88698,1.51477692035,469673.488691,1.40151826383,844079.455168,1.51545015532,635284.787417,1.43007793541,346749.474727,1.51386746729,326221.862246,1.34751798806,22.2709200189,2.13006535729,87.2537389471,2.12759966845,
14910452.1521,1.48438982664,2486009.38324,1.513118707,699793.111543,1.5187398167,240870.759133,1.42773715463,256084.335099,1.54593885714,799461.867534,1.47867417257,94079.5699064,1.53427841904,208779.772859,1.38003606332,44.1685394368,2.15380486223,401.355425554,2.13961713597,
12875182.4784,1.49456031825,238431.19331,1.55861756834,641630.216567,1.52814626607,418259.789223,1.4623250403,714469.432509,1.55126392108,217307.593503,1.48414393864,252923.325254,1.55074370753,94263.3209879,1.39722886692,268.008241826,2.16589842609,475.3014844,2.16061627591,
10437081.2836,1.61822894411,798180.019579,1.56557703009,278254.159338,1.55673497407,562170.672528,1.49896771649,233098.627896,1.56200731255,541642.406511,1.51451937876,36877.3759597,1.56872462701,225010.814106,1.41788965603,532.636281468,2.17157344028,220.604791308,2.16313741441,
12734460.3567,1.62518729214,2031194.20435,1.57752543557,458310.668502,1.56499477598,174885.1054,1.52701999031,519905.645533,1.57672760778,399019.794465,1.52631640981,460820.175586,1.60580655118,96487.1400458,1.44013850254,117.566198008,2.18240078326,1330.53655041,2.18590134571,
1501131.99694,1.64544422214,1298987.06969,1.59535538264,77728.5566712,1.58489979719,461920.57477,1.54612631195,561855.605353,1.60840463154,513355.010026,1.56966330723,315402.238767,1.6236206583,206617.300227,1.45736114236,109.410384785,2.2034846849,69.9451168969,2.20727849296,
18797139.3305,1.70246593741,6014595.31053,1.67310586988,612580.791952,1.6310467284,197694.011228,1.58352437344,1034227.23846,1.62689429335,692347.495923,1.60002283365,239432.868455,1.62602777865,21848.824075,1.48037887516,166.614644601,2.24610051605,261.88308002,2.21546657914,
8397167.25494,1.72788075937,3344786.24615,1.68874863031,394959.926405,1.70634954894,483197.184548,1.59862858675,1048341.65718,1.63076746088,939021.942666,1.61778351703,127481.399566,1.6758009247,261315.345939,1.48147434131,66.4711745625,2.28678926184,49.0391670723,2.26940287134,
2748407.23221,1.75697550556,1449010.33645,1.7021706808,426966.076136,1.72320036569,375703.019795,1.67070050033,657767.556003,1.63970120238,391249.842155,1.66304813437,460866.538354,1.67623068242,244112.118257,1.57139692678,62.7098001219,2.31168875698,437.757564221,2.29900993605,
6174633.32778,1.76492167288,2092219.9284,1.7116737183,498328.508673,1.72921904726,219801.794068,1.67479075311,462051.166685,1.68052670025,425829.471319,1.6667302841,76042.6615766,1.68965398593,155761.587402,1.58519968248,240.600746888,2.32215913516,171.490450973,2.30402948325,
4158320.50395,1.77398760856,2551383.34109,1.75200635856,313325.136033,1.73811698702,591038.566835,1.70325494069,859120.711376,1.69360476638,670230.095857,1.67245083843,290300.235884,1.6997299656,193768.183756,1.60759788645,138.442818648,2.32546972622,54.7725623086,2.36164432868,
18907813.6124,1.80057495033,2209625.04599,1.79419711033,770512.079452,1.74850595994,624094.258847,1.70704218784,651555.603414,1.70918665254,893916.087225,1.68775814181,124542.851022,1.70419069999,109046.012015,1.66436236608,235.064980438,2.34755253551,126.060271671,2.3639778883,
9721940.44104,1.8021328914,1574757.27482,1.81281184304,141317.885172,1.74964865518,80474.4732152,1.74444971394,784397.07695,1.71982539338,270315.841739,1.70988544889,178366.917454,1.70961838527,196663.471609,1.66651586532,33.3088299647,2.35711278662,86.4749498119,2.44076448287,
3495531.54954,1.84973986497,1827543.69645,1.88073084201,445846.253532,1.76054211383,539985.872173,1.77747029131,997951.796101,1.73037590585,840323.95518,1.72371677834,404879.388439,1.72016788365,32980.5847261,1.6856145975,114.878480036,2.36934735481,119.383763663,2.46323096434,
16796476.1439,1.88433302613,946555.175174,1.8982245891,659286.923659,1.79621328808,306724.574081,1.81252262295,438206.500694,1.75604062733,996329.256315,1.77309201966,98266.1211725,1.74960183886,150539.810769,1.74719829117,50.5597641134,2.37001772195,934.115077729,2.50980336011,
6278347.79769,1.8892222969,1366419.00675,1.95567606496,74890.5908239,1.79878985802,430960.165573,1.81581501235,292262.621042,1.8094353655,810174.884369,1.78042157945,455862.800913,1.76051365508,86110.1821471,1.77518930937,50.9025969946,2.42935774098,28.4949615831,2.51716974696,
3234411.81589,1.90306024807,1750411.66281,1.96316277837,346154.80347,1.81709990929,398462.647757,1.83829454452,897332.496305,1.88942975666,665350.638367,1.82045150777,182086.437922,1.76923791532,157360.516568,1.78161216857,785.682220668,2.44722495107,48.6906634004,2.56951989284,
5262125.74398,1.92723371928,1719661.07728,1.9681128034,682115.51189,1.82546290642,577436.090486,1.91494466601,1012698.8551,1.91387102001,455793.495468,1.86077669485,331947.649757,1.77102777134,55051.5137747,1.81275390139,97.5864972099,2.44950173145,162.794341481,2.62791138903,
25951726.8038,2.01045843395,2347991.79175,1.99942522933,406977.151372,1.84671677561,366206.530654,1.92003126791,964501.06412,1.91960616888,760229.529476,1.86137275383,123884.011408,1.77746963922,76602.2583394,1.85058143348,477.966603201,2.46075560336,76.2547083879,2.68918986681,
7526695.57936,2.02379567674,219201.29141,2.00644191479,269783.642058,1.93787623101,609917.276993,2.04719655853,315999.311258,1.94990940875,532904.339414,1.93614887369,114753.635676,1.78510379524,138559.039342,1.85807824461,75.8368316891,2.46962882044,929.054075435,2.72812187388,
6446356.63133,2.03099351985,2412515.54886,2.02001450854,1059550.75598,1.95376238795,610515.733985,2.05480961044,838763.42577,1.96292633446,484335.039829,1.94928359485,222267.502421,1.78531249055,143785.841812,1.86323646616,61.5663635305,2.47623584702,102.350924518,2.73403702388,
23634449.0319,2.09345746025,531767.598945,2.03839429854,251650.642063,1.95943154211,501534.104921,2.07882734474,964253.417206,1.97392374674,788409.38509,1.97740543495,157786.980635,1.79000069483,125591.001225,1.87600574606,28.6922454109,2.48562657981,61.2773528134,2.74848007754,
8283782.26983,2.12948339909,2878962.51828,2.05423854237,328854.843003,1.97559791749,459173.596686,2.09450446141,271243.398542,1.98191551597,432920.346227,2.00405968598,355987.700815,1.91281302563,109261.315031,1.93216856479,136.877445353,2.53065852362,322.732888873,2.78232398307,
630263.020472,2.13105671961,2508881.98939,2.06419612414,172684.509165,2.02086838204,318149.406186,2.09506519087,397227.195313,1.98457586129,666184.311539,2.04543164611,494544.021914,1.94255225257,167033.961788,1.94324302983,79.2966707075,2.55574467628,34.4462563878,2.80167730674,
8519780.14381,2.1418966866,1820756.69792,2.06621801123,363108.381786,2.03469771715,96179.8263224,2.10934525759,1038390.8439,1.99199364233,690189.025613,2.05968985777,370642.77042,1.96744106304,94256.2034722,2.00768669818,158.205753025,2.56660577692,43.7920481861,2.82164923812,
4502232.00141,2.20777001514,525158.090028,2.1785373433,394478.857318,2.03791663195,206430.835996,2.15529276879,474632.302244,2.01098469031,756524.31089,2.06761859442,277357.422717,1.98848688119,124641.867267,2.01715829036,80.6060835538,2.56978744912,549.838076241,2.84175900671,
8040493.68209,2.2291084853,1247576.12229,2.18897497837,759501.187023,2.04127050566,360855.76236,2.17995921883,964519.380995,2.07139778377,724868.370328,2.0902252433,201343.578401,2.00095781856,332050.828475,2.02579932568,45.2685978872,2.58351734041,519.44833103,2.84374036119,
9440710.97505,2.26107656389,4712759.27971,2.18994443588,136147.188785,2.04591134981,336854.365825,2.18294754356,614115.86829,2.10872880027,764671.700288,2.23167216234,274447.34197,2.01531745941,99906.1111124,2.04536228604,889.665835998,2.62111491892,63.0235970352,2.87459000551,
11305297.0922,2.28600281071,1562730.80262,2.21826589517,350605.928803,2.07350585112,272566.575386,2.21969989478,796026.504268,2.12224101021,616597.268679,2.25367768591,147207.600829,2.08337447373,178258.526181,2.10496568257,80.1753317388,2.63264634599,53.7994506493,2.87842631212,
3814908.71814,2.29016426196,1684278.33071,2.23972825612,55144.7793835,2.12511270617,521220.099952,2.22621164362,628245.463483,2.14010678727,665101.11928,2.25560999108,310782.027893,2.13386668638,103025.495401,2.20901954958,57.8867722749,2.63545016124,539.349343619,2.94225134266,
8937370.01098,2.38237542711,2169737.72474,2.24221667759,408250.27941,2.12741473475,660306.092985,2.23320186584,616651.737221,2.22097821414,602711.217804,2.30608546577,308405.201643,2.25643166926,40180.5723932,2.22541305929,532.338630871,2.64656016548,53.5096595941,2.98287427969,
11293535.7687,2.39525252626,1004045.95172,2.26067706148,206752.139105,2.13231741007,768434.820487,2.24394698838,590919.751849,2.27073741806,1077414.32121,2.39126424895,198005.206379,2.26608192646,274664.494575,2.23691627281,53.9520291033,2.65903019633,223.773414188,2.98461887416,
16525081.6759,2.39582943882,1323426.31658,2.26097278207,687233.678545,2.13498542403,660555.981523,2.27561619961,738227.07617,2.28075556114,684522.480109,2.3994154317,446738.970045,2.2935571072,176732.94972,2.24688152407,55.6260370586,2.66224778722,94.0928814369,2.98546221537,
6356992.19864,2.39913092721,1979788.51762,2.28141657511,156553.227678,2.13763077002,296827.989985,2.29005784567,757701.411634,2.31096581598,877208.367936,2.426207051,512802.960414,2.31152927218,187019.59828,2.30428072466,84.9315190149,2.7146324209,40.8800171978,2.98719604303,
2202408.4401,2.42559206663,3469794.57857,2.29125319786,439274.304755,2.16786117518,403939.590253,2.30232969025,801870.985586,2.32166970345,279071.790354,2.45110397258,431400.112709,2.39837720294,78068.8674317,2.34316771571,206.002019476,2.71913412277,83.2927663835,3.0228286796,
11346514.6303,2.49699392102,2676020.89268,2.29951927805,493691.140623,2.21173857419,435578.570228,2.30424828645,40870.2585966,2.37548012268,547240.731467,2.45306363729,180189.0012,2.40944922512,91762.9128347,2.36018233114,43.4730462839,2.7194548266,149.946699341,3.02844843937,
7055497.10704,2.49714503007,1788632.16657,2.38542498759,677057.528918,2.23915692416,244081.149392,2.36053314601,388508.164422,2.39345174945,744762.286361,2.47633818238,316273.97476,2.41448664941,107190.186835,2.41742101916,64.3300034908,2.72636810774,177.85277878,3.03257665301,
2335851.42137,2.5158755363,1683460.10603,2.40425276818,307979.278918,2.29102418167,269168.256878,2.38975821671,600746.342465,2.40691986063,551290.92147,2.47949255191,312971.197813,2.42327597501,206926.846467,2.43929883714,150.858562496,2.73762359004,25.7119712078,3.0957245801,
13233360.5677,2.54273006223,1595722.7403,2.42391283176,297794.846107,2.31547381679,81938.0854454,2.40494198387,853823.504508,2.4074283802,793302.1996,2.48262557127,167037.148528,2.43954308175,230592.723988,2.47621297361,429.366661813,2.73903161214,828.650479205,3.12893330034,
9305072.7605,2.55153771174,2196881.87721,2.53250621516,631798.121573,2.31706775963,420823.37176,2.43442706966,368967.013553,2.47931596911,855397.22555,2.50165313597,177164.473161,2.4423973958,14699.2165863,2.48693475104,27.9417470783,2.75396754561,61.1466167381,3.13746388626,
9682349.4378,2.55838069804,684414.026279,2.5532890507,523058.448582,2.3453236912,416043.124594,2.49507366169,1112399.76312,2.48586397188,406511.405999,2.51454187394,232421.56626,2.48098728108,130039.530996,2.50616274812,63.9534901618,2.76227205763,1798.83715065,3.13978038855,
2002182.21381,2.55877275328,894913.564102,2.58387599308,616993.246671,2.46422840784,540765.991289,2.49670265642,1002399.21963,2.49855946482,1025849.96837,2.52736615261,173167.297313,2.50442326604,54252.1859202,2.51079839401,393.609695935,2.78891642956, , ,
6278152.72848,2.57583974061,5918395.93429,2.58505724023,80461.088318,2.47222557847,535712.779968,2.51431261446,1269739.36983,2.52593119428,825270.039777,2.53013489614,142379.683729,2.56727565181,58072.5754081,2.52101426682,112.674849223,2.80882620423, , ,
10116510.755,2.58031522137,1834132.14052,2.58811934052,211396.088824,2.47575979491,571922.495493,2.54232517486,611122.276,2.54277158869,733549.806346,2.56802259218,140964.313399,2.5720743201,176463.591293,2.58739911641,42.882381279,2.8104974558, , ,
3160798.21137,2.5891735736,429634.957614,2.60844863717,550132.265967,2.48515074718,226674.714302,2.57029485613,461944.561522,2.55864638779,1235415.56448,2.59610297497,48119.9952292,2.57600790417,73828.3455088,2.62037942688,360.836815528,2.81138504629, , ,
3494514.76303,2.59305416561,3362439.20874,2.64650354148,1217941.25676,2.53467729925,663487.541976,2.59553317071,1233828.06105,2.61126980603,525013.99726,2.62030722296,93378.4626954,2.61035707051,97982.3814793,2.6219283458,121.182475781,2.84895516887, , ,
6663368.61948,2.62007767327,1666199.09319,2.64949160026,489249.443773,2.56332983738,133624.655673,2.60420428916,737847.618254,2.63225223307,412989.5532,2.62818273214,327437.514923,2.61106708105,335771.778741,2.64289213216,115.213802069,2.85212558888, , ,
5714250.14183,2.67008830095,697847.154211,2.66504994951,478334.717709,2.57976569387,539012.82966,2.62468999982,978284.5119,2.63677554802,646691.745839,2.64310714174,453633.509125,2.62674024513,136903.331664,2.65767896517,56.1719507317,2.85241371002, , ,
9975533.8628,2.67952942895,1469571.57799,2.66778414049,535685.262253,2.59464860099,291331.008285,2.62511562974,819466.089324,2.66532310022,834254.62654,2.65252244656,380350.79314,2.63586500855,108846.180335,2.66653696241,315.411565559,2.86230745633, , ,
7131840.90499,2.71902469072,1662031.17442,2.68935279344,401872.399018,2.66553494309,535992.786538,2.64453294409,933469.707097,2.66734278232,899582.397794,2.66588619654,191591.267615,2.64165611665,153981.856942,2.68658461804,118.847142379,2.87208443858, , ,
4306157.68125,2.73859017949,1084230.90949,2.69573587507,231877.063431,2.70967557287,31072.722914,2.6468284954,639517.535313,2.66795508568,350672.921086,2.69229049881,363485.224347,2.64831344525,70238.9301664,2.69686216437,36.9717430341,2.87646605295, , ,
4535304.90404,2.74223414639,3417423.52774,2.70769408637,464455.100017,2.77753002263,926096.606114,2.71952987402,592232.691157,2.67263875504,646128.625294,2.71587691135,377897.885759,2.65505903595,235918.19206,2.70287673423,158.216613218,2.89543821998, , ,
7024225.85848,2.74380737252,825815.129429,2.72280642473,557557.683833,2.82616363682,1046129.12661,2.74889899078,896844.437472,2.69353635381,846431.302375,2.71817344202,23755.3803237,2.67528230059,261380.232434,2.71954096596,44.095317017,2.89638409806, , ,
11236631.2971,2.74863502468,1490309.74892,2.7345782845,377553.609065,2.83291401175,49944.2451422,2.75387109199,1385624.17202,2.73446910309,808753.73954,2.75536349996,386431.64934,2.67802453227,156900.489809,2.74707320437,453.686075563,2.91064100057, , ,
5134430.20831,2.74959807165,1276186.16909,2.77090641932,220176.989936,2.83598581556,321174.076239,2.76623672135,528382.969186,2.79039412249,1100973.5367,2.78446128608,297348.282876,2.70499904737,103879.079091,2.75815768094,57.1643243873,2.92257114954, , ,
1747679.06074,2.77155263971,956516.4228,2.83355361515,409038.540702,2.85053891893,823203.387526,2.77485921581,948499.475671,2.84553806286,704106.908706,2.80911693967,511006.225883,2.72347079993,266181.638046,2.76666980505,47.7386791166,2.92839044095, , ,
12122248.9227,2.77638838692,1733281.9564,2.85720058198,602042.164273,2.86543505811,367553.736257,2.84826538752,656878.700102,2.85737109919,797451.056356,2.82842577545,251458.986277,2.74156644724,168197.327081,2.81129940496,118.114549486,2.95240492264, , ,
5928025.47413,2.84514428232,914729.987758,2.94498272652,456052.06557,2.88360492908,342962.972512,2.84874111724,530554.929929,2.86472462861,603033.799495,2.86128023882,177257.358406,2.7636413158,220849.559151,2.83454830816,118.834105092,2.96952216408, , ,
3323936.95014,2.86864956918,1841391.8268,2.96190240717,410323.001754,2.93624306847,140908.686088,2.87482878559,426585.664529,2.8935819158,920201.801099,2.87700718649,277118.853182,2.8491175835,141511.26018,2.83707574963,460.505990796,2.99083168444, , ,
7137163.14754,2.87464215287,1990384.92767,2.9622849895,132031.131131,2.93628140293,307119.278582,2.93213947494,981848.415146,2.91053724323,958094.367697,2.91503217488,328375.910365,2.85574102278,308125.973953,2.85473282251,823.843841353,3.00289154022, , ,
9301202.7369,2.87809927855,1780730.10436,2.98229345188,660645.141025,2.94645895119,444358.996927,2.937856928,1051316.14332,2.91149561416,476269.366542,2.91792052488,216336.566441,2.85775392879,148746.571499,2.92634763089,114.390527358,3.00544445487, , ,
5649334.0309,2.93778164865,4680601.7166,2.98403907139,535358.919345,2.94902266765,432227.263405,2.94467160824,682390.932548,2.91684322908,742342.684853,2.95793897714,288192.433525,2.86007908493,221243.02305,2.95714046662,58.1965633511,3.01677051861, , ,
13192003.8264,2.95277951965,2544214.3673,2.99524050642,755286.914251,2.96815513586,627944.498963,2.97408006174,521015.706402,2.93223760778,801866.854107,2.95943834315,304275.379891,2.8748098236,169191.050945,2.99907139929,334.929662364,3.03029240652, , ,
8892064.23304,2.99608587053,4175983.43958,3.02193753904,434882.393581,2.97832228367,281035.590896,2.9854276867,1088517.46876,2.93994662409,808998.138793,3.02361535337,63216.1311026,2.91828291645,230153.068149,3.01913127575,182.93670657,3.04658987821, , ,
8108617.07586,3.00281212957,793771.207816,3.05466045736,240738.912871,2.99498100103,291842.579951,2.99243032094,770101.136846,2.940403759,500251.609973,3.03962399922,252611.259368,2.91899241939,141434.487213,3.05089755327,491.629835861,3.06742761093, , ,
3386495.17824,3.02215669983,232958.117661,3.05716781568,244141.687656,2.99616668194,228688.534063,2.99348024136,417319.12139,2.95066088653,666993.464184,3.07435370939,172984.05615,3.03863530408,67983.9260004,3.07135168839,106.10948817,3.07882515887, , ,
3627244.39903,3.06217681198,492835.283129,3.05981395808,438656.010009,3.03899877321,479045.795293,3.06183519422,396837.104177,2.99492549501,646915.483537,3.08079956768,483913.710423,3.0416351533,8867.08248169,3.07195794056,77.0196805407,3.08233054073, , ,
3305072.82732,3.08226160986,1422122.55402,3.06590569911,669391.409666,3.06203241299,203703.285212,3.09437591991,606167.993783,3.04875015274,616980.635251,3.11269172779,514010.655589,3.04989773192,113954.127011,3.07993724249,772.5748196,3.08926359295, , ,
15643698.9045,3.12134932874,2704515.18876,3.07471078536,41758.678388,3.08609241392,379764.523679,3.10200519606,719574.373,3.11438472798,465730.581705,3.12361031088,304296.774436,3.09557953383,165798.833454,3.10191840729,45.7620646043,3.10959575283, , ,
4718401.0192,3.13286464522,1630870.77586,3.1388522564,232298.017225,3.10410504678,296603.51021,3.1157107139,600008.623253,3.13982450547,440598.032987,3.13365106834,301718.037481,3.12360248571,191059.530436,3.10284072724,54.462729575,3.13472308968, , ,
