1,0,0,0,0,0,0,0,0,0,25
12,1,0,0,0,0,0,0,0,0,25
311544,13913,54630,12592,7131,7082,5897,5017,0,0,0
124976,58138,13320,43218,14124,10595,14361,2080,0,0,0
5249,3439,4548,1274,2393,1309,593,1751,0,0,0
265415,47837,7756,12062,4753,2913,1923,2687,30,30,0
938467,311106,41534,12647,39237,24057,8870,8293,13,29,0
16222,4013,23,2032,3658,1654,1724,2392,1,53,0
596226,38387,16425,20606,17677,4537,8699,4751,1,51,0
29888,9092,3110,1155,1351,554,287,94,1,51,0
74813,39028,4490,16747,20441,24228,7264,4181,7,77,0
634319,15794,7382,9569,5570,10930,3519,1651,16,75,0
133619,32291,2230,3523,1535,1382,934,447,1,64,0
2709,3136,4854,1458,4433,1254,938,1293,7,80,0
28498,592,1024,2248,669,1288,1465,554,24,78,0
41198,12189,10721,5145,5079,1881,905,1084,29,54,0
6784,3082,6769,1642,1351,1151,639,464,54,69,0
7680,10151,8721,3393,1203,1424,1127,342,57,61,0
260730,23631,7343,2238,1639,1323,814,873,44,27,0
1788,3396,2229,479,1148,1229,782,702,38,47,0
3779,1506,81,1001,682,440,458,535,23,53,0
1458,2629,599,1052,328,1744,736,487,11,78,0
1182,2425,1762,5753,321,903,761,309,29,93,0
1724,1284,2517,3533,770,1476,285,692,43,91,0
76296,25818,1963,6723,1324,3237,1084,1189,40,83,0
15856,2850,6871,6334,3809,1616,795,506,56,63,0
1772,1089,2669,1215,1262,1337,572,689,50,78,0
29855,25205,10749,5014,1766,2483,441,505,37,60,0
3309,4967,2579,4127,794,826,692,570,51,56,0
178408,124010,32171,19980,7967,2256,1153,1073,37,35,0
852907,114548,23674,24049,9439,8126,1429,1859,23,14,0
26337,11187,9296,12049,2734,1430,1495,1060,34,14,0
7293,15804,3262,3466,2210,1697,780,1779,21,20,0
154180,69814,4727,14199,6844,11121,4994,2075,16,48,0
10200,6894,2305,12387,1839,1767,3337,1304,34,53,0
98734,13657,4527,3543,4792,1344,742,454,20,57,0
37772,53328,6105,1247,1631,2752,917,1285,8,51,0
106129,68194,4751,11297,5258,4528,3288,4335,8,41,0
53146,22390,2238,988,1361,1719,615,578,1,38,0
9652,14402,3077,2113,3521,1571,970,1041,1,41,0
192346,32620,6820,11796,5935,9165,3471,2859,1,60,0
80939,14778,2796,507,624,577,210,189,1,53,0
46757,18664,12745,4987,18979,15271,3155,4687,1,75,0
254891,10144,14717,1181,2809,3029,682,1615,14,78,0
10661,5535,2856,11276,2784,2021,1164,882,26,69,0
2475,2600,2258,2610,230,1650,452,420,44,91,0
365899,20872,26453,23459,5158,14808,3728,2972,57,83,0
15264,6210,1449,2240,1225,2000,654,720,48,91,0
19718,2986,1551,6090,930,661,952,447,51,84,0
323408,43644,15179,11853,5265,5077,1412,3322,43,70,0
290618,46726,7328,5779,4490,3252,571,928,24,54,0
146927,22674,1068,6046,4593,3220,829,691,20,47,0
2519,3721,190,2106,2823,1962,1808,1672,1,66,0
75685,8656,3273,579,3806,1925,1033,686,1,77,0
195606,11132,3521,13221,3985,18205,2620,3231,1,100,0
8064,9580,5282,1278,1868,4274,929,1910,7,100,0
39267,16733,5746,2329,2793,2971,1314,462,11,93,0
8815,5212,1931,1851,739,3559,676,2174,14,100,0
12766,3426,3058,2730,1796,3832,1238,578,17,96,0
2360264,554827,21980,66750,22818,13290,5497,9061,7,67,0
2445,798,576,2357,745,1388,778,574,16,80,0
286602,41837,5431,10150,7468,2035,1087,981,14,54,0
359233,93263,16825,24733,14109,21832,27278,9290,8,43,0
78409,23517,9519,8569,3219,2243,561,1733,23,53,0
12975,7087,6421,2272,1248,3274,1115,1073,20,47,0
121029,20985,3144,1763,2182,1245,1410,1432,16,50,0
32705,3300,1023,1871,2528,3023,853,1178,16,63,0
3978,3307,1462,643,1178,785,1076,740,11,75,0
58552,26017,11933,15968,1329,2761,7118,4061,14,60,0
1217,2590,1776,702,1334,1385,1055,749,21,78,0
4634,711,422,583,798,1152,417,478,24,81,0
20548,5043,2187,2871,2578,2223,2130,1421,26,84,0
2323,4610,3131,4388,1341,1255,1160,556,26,91,0
108224,12144,1020,1142,1084,372,243,50,16,66,0
6572,6593,1227,933,944,1408,1681,588,11,50,0
6333,4140,600,4543,1065,1540,1298,968,16,47,0
311770,20243,11708,16974,13440,15440,3521,3769,11,60,0
492843,28477,3306,3091,3212,4347,3270,2292,11,77,0
2075,2682,874,3028,154,1276,915,471,26,78,0
1970,1228,1553,584,2128,2688,379,360,17,93,0
5400,2340,722,3284,252,1602,1419,732,23,90,0
52036,35577,12828,11012,3639,3710,2873,1770,35,81,0
3404,2939,1114,3387,1260,1165,471,579,35,80,0
49464,40902,4002,5313,2673,1653,1260,659,27,48,0
4234,2980,6910,5844,1039,1626,759,549,38,38,0
88427,18528,1760,3739,2120,1656,420,1088,30,38,0
3685,3650,1474,1257,1253,1032,719,1061,24,40,0
177,1043,1932,3479,4755,1700,635,470,38,63,0
1111,2838,274,1238,2762,727,690,850,13,67,0
676408,58095,22084,2945,10980,4014,622,2402,16,64,0
186902,210566,30304,15373,14201,7244,3157,5455,7,44,0
9812,8766,3328,1399,2108,1717,2608,3127,1,37,0
22704,17258,2141,2770,2411,1889,1006,824,1,29,0
149031,26958,5582,3076,4155,1828,657,228,1,30,0
129655,34848,1199,5673,1143,2854,383,599,1,40,0
34550,11673,1985,2428,3226,2224,1170,1046,1,41,0
9936,5957,1982,2146,529,1001,967,938,1,43,0
2751,3932,944,3195,2291,1896,836,1361,10,57,0
72672,3253,1450,1541,1860,1317,1512,593,20,69,0
7271,3891,2242,907,683,1180,507,968,27,74,0
23599,38596,5076,7046,5075,2619,1200,870,20,64,0
1219807,142337,5941,29934,13178,15734,7710,6490,8,56,0
10500,15860,4281,3290,1835,2030,902,1387,7,48,0
106978,15821,15877,4202,4501,4575,2936,1901,10,43,0
85439,11017,2022,3518,597,1243,878,506,16,47,0
252721,25516,7023,7122,3902,4491,3581,1871,23,48,0
20528,35304,7236,12797,4015,6480,5819,4403,23,51,0
62831,11347,339,559,963,458,157,300,3,40,0
6176,9629,37540,21519,7322,6291,13146,5361,24,41,0
423408,137868,42549,5145,6085,7316,6113,5461,26,30,0
5479,4728,3791,3454,1238,1276,1673,1469,38,29,0
42161,9951,4190,7947,5559,1405,1329,1640,60,35,0
790128,13724,1004,3051,3181,9220,7477,4374,34,54,0
177940,36310,20298,1306,4010,1284,948,800,38,48,0
8250,326,4121,2600,1076,1475,714,928,47,54,0
69396,19542,3217,1259,4980,811,1829,1099,34,48,0
503170,132982,4758,15641,9116,6799,9656,4952,30,21,0
7430,4176,752,2598,951,1377,522,828,30,43,0
1740,1470,1465,5621,2401,4857,2418,1293,21,53,0
101633,34203,14657,6789,5202,6590,2062,638,29,66,0
65370,39206,13238,7742,4307,3678,4424,2438,43,69,0
696,1034,1794,1754,1810,1655,550,786,47,78,0
131045,9839,1605,5463,1500,1506,1654,577,43,57,0
89933,10318,5833,5587,7984,5091,4582,1819,43,64,0
47912,25297,8629,5605,2333,2316,2268,555,43,64,0
28802,7401,2969,2059,1505,3972,2169,934,37,63,0
3694,3923,4095,1475,2410,1254,316,1004,40,67,0
4368,7541,435,2567,2072,1451,609,556,34,63,0
50083,43703,6675,3006,8831,2460,1453,722,24,60,0
13509,9527,4205,1864,2106,2347,833,819,24,51,0
1175,2138,919,1127,1106,1548,1616,666,20,61,0
780123,15317,9752,8273,8322,3503,2682,2740,27,57,0
22863,20454,7899,6777,2298,3059,1562,1291,40,64,0
41087,44982,16437,2385,3845,3029,921,885,40,51,0
12160,8975,3611,2553,1588,1657,1290,1424,41,40,0
46306,36772,2336,6377,12990,5577,4364,3605,27,41,0
1488674,71169,18525,33744,24850,16115,5323,4703,26,47,0
7386,14386,3191,5517,1120,1276,1219,1418,27,48,0
21536,12580,9012,771,2237,3672,550,729,27,53,0
2564,1899,4952,1664,937,1307,391,827,48,54,0
1304,757,3585,12293,864,1011,766,554,74,47,0
553,1685,798,4337,861,1103,1058,518,83,60,0
119134,20078,5884,3418,2111,1026,288,983,81,43,0
2598,4509,3082,1100,1112,1582,1258,475,74,44,0
22743,19157,31408,17697,3903,3235,6823,1805,61,43,0
6364,1112,2944,2761,1121,1656,1284,1133,61,47,0
135816,25190,2249,1751,2682,1234,1226,1540,51,47,0
1799,2833,1304,3065,1478,2011,737,831,53,51,0
636,1928,1760,3101,806,736,655,980,50,60,0
2598,3311,3858,1219,2938,1695,870,928,41,57,0
31006,22635,536,1346,1108,1471,873,474,37,63,0
36432,13463,1496,8212,1709,2786,1534,1773,34,54,0
50925,12833,3815,2181,1411,2798,612,1132,20,56,0
4051,5612,4285,4778,2363,2519,1420,1363,23,54,0
1906,2279,357,1546,528,811,1293,594,41,66,0
74211,24309,7754,8872,5429,3566,1601,1603,40,63,0
78532,20455,5905,6549,1261,2652,1092,573,44,56,0
8731,13909,8847,4410,1637,3232,1238,993,43,53,0
253899,14727,1748,1172,959,863,792,232,30,40,0
823552,163150,23387,26330,10369,12188,11505,6623,26,35,0
239718,50364,9418,5218,4084,8636,3052,2593,17,41,0
44652,1300,841,2303,213,1428,4207,1359,23,51,0
912,2846,1215,5380,3266,1398,937,385,38,63,0
211180,66916,32093,3239,5281,4130,1492,1552,43,60,0
3557,6368,2843,3767,2820,4513,2952,2904,50,69,0
67367,30375,9254,3254,3676,6964,2732,2248,38,63,0
12257,7424,2516,1388,2075,1105,1621,911,29,60,0
61884,72585,14318,23996,3363,7776,12352,5943,29,64,0
53288,48666,6665,3159,1228,2426,1515,978,21,43,0
24125,21016,1381,1180,1871,1955,1117,621,11,37,0
1904,2324,1639,231,542,1694,993,577,13,50,0
308496,17783,14861,5357,12007,11776,5631,3926,13,64,0
1173,4829,475,981,657,1360,1067,823,13,81,0
131105,38291,3859,1869,1170,2135,1204,1532,16,77,0
862,1980,1616,5698,1508,2547,799,946,26,70,0
63144,6023,636,771,259,370,136,133,20,53,0
66697,16124,835,3828,3347,1828,1710,1573,20,43,0
129135,71076,23607,8781,7790,2069,2490,990,30,35,0
12104,5018,3602,6228,469,1420,3794,1302,30,24,0
18941,19817,4008,2957,6216,8060,3709,3047,30,44,0
216486,24433,1538,2642,5091,3837,4182,2248,24,48,0
2647,674,1313,2996,2016,3751,3191,1166,29,84,0
248092,51676,12081,2459,10271,6047,4193,1452,11,83,0
2364,5170,492,3249,2242,4845,3525,3447,16,90,0
225350,17830,3798,1916,3254,2523,1677,1099,23,87,0
10074,6682,2679,2509,1843,5397,1847,1402,17,81,0
139295,8965,1952,2319,4803,2997,1495,2414,20,93,0
5495,2927,1096,2050,1506,1695,1197,778,24,87,0
1367,1937,522,1332,1004,2870,1668,478,26,100,0
441294,24260,37843,10287,9650,13357,15645,6248,37,97,0
999,2524,1598,2041,3579,2232,2016,1886,41,100,0
101108,3296,5713,3316,2617,3003,1893,620,47,100,0
7589,8023,4755,3632,1381,2298,1894,866,54,81,0
1459,527,1619,2112,817,1489,1683,1133,57,87,0
4723,2805,1662,801,1517,2531,1662,1047,56,90,0
28750,12517,4726,3994,2556,5643,1524,1948,48,91,0
4020,2954,190,513,891,3512,1805,670,26,100,0
2150,3520,554,459,1936,1913,1509,1886,4,100,0
2804898,319108,99100,50865,7151,15753,37277,25665,8,83,0
603887,36503,6362,52473,21967,40197,18740,24542,11,87,0
324308,5554,596,3867,290,2015,630,1387,27,70,0
205345,61029,6662,1514,4042,5075,1133,1347,26,53,0
14990,13651,8301,10022,945,3032,2739,1643,35,63,0
25359,44330,18654,32190,6641,9995,2359,12789,38,50,0
64899,36252,8523,7287,8784,2380,4175,2461,34,35,0
35553,10506,562,1433,789,977,895,367,38,37,0
28563,5336,536,374,1074,527,624,403,17,37,0
178822,75619,22447,3878,8992,9570,4705,5678,8,35,0
1734473,409654,69390,54317,25003,18138,22127,11703,7,29,0
2848714,615176,61191,40242,17127,21041,31753,29780,4,21,0
254943,40501,38190,9537,6485,24834,14061,4555,20,34,0
985025,60643,1570,9250,5969,5436,4891,1911,14,30,0
5221,5128,2437,2135,415,1348,787,755,21,47,0
8535,9296,2826,8678,1287,2514,1992,1738,38,60,0
22642,11037,3148,4216,5439,6377,4515,6048,30,61,0
11220,7097,1449,5609,2678,1064,1957,2692,47,61,0
7743,5512,2593,8742,1044,2176,1488,2424,53,61,0
49222,19011,5174,6416,2303,5638,1455,695,44,66,0
489712,83763,53714,25210,21696,16478,15622,3827,51,54,0
173506,51486,22887,6844,12356,4189,2384,981,48,51,0
8304,5560,881,4960,1801,1898,1707,797,40,53,0
1979,1254,492,768,2939,2458,1864,1017,34,67,0
93549,62694,11649,2295,7005,5034,1435,1139,20,61,0
18385,17169,6057,7269,1385,3243,774,810,24,67,0
3779,5126,2467,1646,3753,3190,2401,1389,20,74,0
323,3318,1292,3383,937,1403,965,653,35,56,0
271458,46736,11399,7795,4374,10961,4237,4441,40,64,0
65583,26816,2468,575,2598,7286,1836,1461,20,74,0
2497,4732,911,2846,682,1299,1856,1039,23,64,0
47221,44220,3748,3955,2129,3364,1621,951,7,56,0
9266,18965,4057,2344,2748,2469,4408,1438,7,53,0
3801,5077,2604,4434,565,987,737,1461,30,43,0
10987,16463,2661,7069,2866,2097,1375,1195,29,38,0
9493,3705,5822,4443,1052,1311,2173,761,53,41,0
4390,6924,3890,2284,1840,2898,2156,919,60,50,0
2295,4517,501,4447,1483,1644,893,554,54,54,0
20525,8397,1891,5281,2821,2498,1034,1607,56,60,0
54287,4944,1918,431,1491,246,190,235,40,50,0
608552,33517,20306,18277,13509,14004,6863,4551,41,48,0
3871,4759,664,1154,1613,3263,1173,1214,29,60,0
62361,34246,7529,1870,3889,2242,1799,654,23,50,0
1283,4066,3403,2921,1140,721,1701,707,34,56,0
180602,57481,2841,6975,4463,2025,1591,1185,20,38,0
6058,6908,4635,4388,2098,4345,844,1078,30,30,0
4785,4409,1863,4270,2008,1563,1931,577,41,41,0
245526,64180,6576,6507,3639,3543,2667,1683,23,38,0
10276,3689,880,1870,1798,1598,1245,1001,34,57,0
57056,3036,2320,3871,1742,1906,1887,723,37,54,0
2491,2799,1790,5248,1158,1798,1922,584,41,57,0
9358,8034,4801,2174,3429,2831,1872,941,51,70,0
248710,37423,5756,1895,2164,788,898,402,44,47,0
142470,42187,7814,2711,4077,1528,1896,659,30,27,0
38773,17411,5051,3138,3041,1557,541,803,20,16,0
2506,3976,1251,1543,1659,2426,1471,1773,16,23,0
4710,7822,3780,4397,1314,2037,1715,1116,29,41,0
1965,2568,733,1164,2134,1646,1225,806,30,66,0
147076,22149,9806,2814,5367,3420,1790,2190,30,69,0
4393,8536,1812,393,1706,1912,1252,1466,26,63,0
2859,1680,941,3923,1253,1346,1695,455,29,67,0
65843,22806,2054,1075,618,564,479,315,23,41,0
6576,2486,2191,1233,2030,1704,1720,672,26,53,0
186680,51829,17942,8667,6442,14323,1980,6154,30,53,0
8355,6926,4185,4766,3391,1286,651,1144,27,43,0
154611,34569,5546,3771,3182,1380,1570,576,35,47,0
18665,12885,12969,1351,2386,2563,1035,1013,38,37,0
101271,82653,17127,6330,4811,2826,1156,1219,35,17,0
7724,4801,193,1548,877,1404,3834,522,23,27,0
94687,22077,26010,8703,7802,4730,12419,6779,37,38,0
452688,140349,86835,28886,18130,17859,6142,7916,37,35,0
7641,7358,2080,6704,543,1566,3003,1055,48,47,0
22659,7185,384,3273,1457,3164,576,718,51,50,0
