895102,185248,17794,20123,168436,76962,54629,15287,0,0,51
1403183,90345,217324,113743,134189,99335,83626,86117,0,0,51
169715,324569,95139,44219,9997,45457,38418,26732,0,0,51
1167618,799045,30884,111290,170323,23951,4900,5041,0,0,51
475785,470542,46052,211339,166439,104994,50602,55507,0,0,51
879229,17246,4465,4038,2037,973,50,92,0,0,25
4775,4076,2261,1388,565,1266,990,512,0,0,25
557867,349803,451364,205054,65712,307495,234948,173783,0,0,51
720956,617161,250270,470121,490040,242192,133508,42946,0,0,51
114801,113265,74379,26807,35375,26876,8613,6234,0,0,25
638103,54941,16245,10803,11100,3544,1552,2119,0,0,0
217234,23144,7663,12268,6028,3016,1012,1303,0,0,0
493371,100706,130813,90985,116392,113351,34228,12656,0,0,25
1034800,216820,10660,11234,28444,19850,5379,7110,0,0,51
168372,29502,4294,14348,21077,32722,37690,62908,0,0,51
3015984,199627,37474,25897,34098,17644,5688,2942,0,0,25
2886104,124125,57051,30457,46433,14674,8030,3686,0,0,0
417723,16613,8850,9067,4502,3978,1942,686,54,51,0
184027,5153,4263,3528,1776,2462,844,614,78,75,0
923906,264809,48198,26403,37803,53198,19777,10195,60,93,0
352002,29355,31533,8095,12990,6656,4803,2786,81,100,0
3308091,72620,47532,7992,14961,19541,7432,4491,69,100,0
1062866,179048,23481,51830,12325,11467,13126,5873,43,78,0
2084274,23037,11803,9142,23992,8339,3032,3599,57,83,0
1792326,158196,37368,88668,54376,42543,5717,2232,43,91,0
1463938,45194,9943,11683,3348,3779,1775,1054,38,70,0
38473,24046,9678,2380,1657,1121,635,452,40,64,0
192166,13481,4379,7298,22791,13641,3564,2412,40,64,51
2686869,660438,82869,111200,276117,63238,21253,15668,40,64,25
951596,156005,17138,78540,9874,5468,5408,2179,40,64,26
889684,98647,4726,16807,5046,6225,2504,1342,24,38,0
1037090,10433,12383,18209,37451,20691,1941,2954,23,43,0
680722,30284,18455,9860,4009,9974,1246,939,37,54,0
1077772,84809,14080,49217,11456,14924,4269,1777,48,69,0
509236,27558,23954,2479,9743,7468,5517,3566,78,78,0
449869,17840,5914,11177,2427,4963,392,682,93,60,0
788444,109345,3278,6835,12640,10119,1746,627,60,51,0
396645,23081,21048,13085,7991,7561,2633,590,60,51,25
627318,121767,40445,33638,5828,41328,19309,7916,60,51,25
1480882,1090955,226800,231761,324245,305992,47044,25974,60,51,25
890979,31839,2286,12939,9654,6737,3529,1482,60,51,51
1415083,646473,93986,19972,21949,35863,8194,6481,60,51,25
105969,15544,405,636,208,529,115,82,60,51,25
1094333,58514,4441,48490,15985,37146,8942,2143,60,51,25
649397,9237,3951,3427,1797,1370,326,152,60,51,51
839702,636108,18353,36388,43156,76534,38100,6180,30,53,0
730277,42489,32983,85425,41232,39801,9702,8783,30,53,26
715451,144494,18514,31129,11931,10745,2733,2392,24,41,0
1834060,89442,82311,29465,91982,19024,9674,14317,23,37,0
777009,80246,32316,17632,21338,8346,1800,753,54,34,0
810836,61603,16254,4244,7441,3133,1731,1235,77,17,0
20933,14579,1760,2355,3440,3232,766,466,70,34,0
137160,20526,11744,21949,7491,2458,534,430,80,21,0
602724,71417,6604,22525,26410,5006,2810,583,70,16,0
415013,149755,2353,21602,8048,8770,2830,1978,57,21,0
802345,32674,12942,17234,14070,5500,4198,2837,74,11,0
803127,36999,12496,11335,7453,2056,1424,641,60,10,0
871470,41481,4368,16455,8836,11125,2508,726,61,26,0
42915,23404,4644,3731,1586,1965,886,405,75,27,0
848141,190603,76384,37844,4801,14836,2826,1737,74,21,0
211731,29868,10810,21334,6204,2607,615,543,81,23,0
1656199,400739,277548,105880,147788,103405,30065,10182,90,20,0
1820973,469538,230343,77254,66708,42343,21143,6866,90,20,25
252550,119927,70938,55522,34044,40586,45098,69152,90,20,25
1531790,653804,157052,116533,124515,91060,16517,4151,90,20,25
2506393,781706,88543,11461,43114,68388,75227,17182,90,20,25
2426304,82446,46827,17703,17392,32227,4864,1844,90,20,51
660575,106921,28804,16661,15166,25679,13238,8585,90,20,26
630480,82096,18450,10455,11010,3949,3720,2660,90,20,25
4831,179,383,1134,706,208,326,52,90,20,25
222083,62010,36525,34504,10820,30938,6478,7341,100,38,0
738896,246259,7945,3739,7574,6137,3476,698,70,27,0
711386,25354,40735,7025,6718,14352,3797,3635,74,51,0
610917,50255,5582,6637,2875,2854,1935,1308,60,37,0
27985,18417,3254,1337,2296,2400,493,490,43,26,0
576320,71765,17669,33302,6834,14533,9144,13217,75,48,0
1742453,175535,5431,28819,7773,12219,4364,2362,53,30,0
176468,54071,8346,5975,10459,5948,6623,3534,53,40,0
160118,336714,31283,31428,7760,14756,4310,8680,53,24,0
622279,273769,53796,58717,16152,85545,9132,8489,44,34,0
2465496,162471,35378,82061,44540,24303,8518,9161,56,38,0
852884,21986,5964,4524,5205,9142,4053,2372,61,54,0
323205,22704,3612,7945,13967,4890,3688,2247,66,70,0
180263,32606,18463,9633,14981,12264,3861,3427,74,69,0
233314,76807,29194,5520,8034,12234,2803,3139,69,74,0
275701,11392,3472,2962,2706,1604,2576,887,74,57,0
430980,124088,11059,21899,17931,11064,10213,1491,69,48,0
2647828,191828,18675,42022,13099,7203,8143,3419,64,23,0
100869,2069,289,1025,1185,661,330,198,63,30,0
831626,20977,11371,26396,12490,5615,3531,2790,75,30,0
367273,75199,27533,61689,12468,13075,4456,5036,91,30,0
157068,25613,874,2048,1254,981,651,438,78,35,0
745418,53139,36600,29023,18754,8995,1850,2137,91,23,0
236227,82752,11672,44125,38875,13871,10010,2512,80,23,0
699128,12922,6399,17286,6136,8490,1889,1462,80,40,0
890657,9389,5680,5257,1333,1789,706,271,80,40,26
1317156,71938,11901,12374,27674,18280,7062,5259,87,61,0
795767,9011,4963,3284,6765,6754,1467,593,75,84,0
133001,58398,43927,40445,12230,6789,760,1207,88,75,0
451304,42779,16906,12536,7100,4206,2625,1647,83,56,0
249217,11033,3252,721,893,1864,730,360,88,51,0
1292902,76516,4250,47574,31115,24988,10566,4452,88,41,0
1092330,125333,38749,53697,12726,33165,9795,5920,80,57,0
413741,46431,49208,23453,26930,22346,5983,2687,80,57,51
90,11,10,12,1,2,2,1,80,57,25
1455766,38631,17640,4129,7937,5865,1418,1052,80,57,51
2112714,110711,18324,49384,19519,20229,5933,4360,77,64,0
187078,35429,1704,3904,1354,2366,537,471,67,54,0
1418874,1224965,155250,108897,138271,227890,125744,46909,67,54,51
43320,8917,2108,4906,5823,2550,544,409,67,51,0
469426,53361,18197,19193,19797,9425,1676,836,66,47,0
307526,7357,1213,5758,4081,2103,1258,318,66,51,0
3199745,68695,65427,19031,14653,11963,3288,2818,91,54,0
3151523,24024,141606,23158,38434,26236,6097,9330,100,53,0
958752,34077,4008,17280,7599,7018,2661,2908,100,54,0
358072,41094,16701,7432,13769,3925,1393,251,100,54,25
983462,14377,3286,2234,606,834,136,133,100,54,25
1031829,209985,20208,31605,7578,9249,8012,5191,100,54,51
207152,30285,44618,23497,11360,11828,8045,6895,100,54,51
2085117,671301,99636,25137,31272,38614,6837,2462,100,54,51
993968,195567,22491,19451,24607,10678,3905,2181,87,38,0
700479,17905,5865,3340,3965,2914,229,211,87,38,26
1064369,39499,14239,12485,18869,9227,4053,2806,87,38,51
2084591,63500,27784,28248,38660,22836,8322,5384,74,51,0
1340348,187413,43586,56368,85727,36592,8367,4643,53,50,0
1171023,36503,13738,2613,16680,8954,3233,1299,47,54,0
1538606,125985,16474,28028,73859,69982,21514,26068,43,84,0
298968,59120,17982,2925,6270,5328,1170,330,40,69,0
840902,319441,82112,70437,49539,28126,30980,26400,40,69,51
737580,18472,1364,4452,1295,1547,2766,311,40,69,25
1053568,758025,249837,39428,32872,21054,58087,12215,41,48,0
1203862,24098,968,11756,6473,9054,1720,1468,41,48,51
1032909,42810,11844,7179,6462,4185,1068,640,41,48,26
956947,5282,2645,5856,2406,3617,570,279,41,48,51
640063,10339,777,1526,395,960,452,354,41,48,51
33,4,0,1,2,1,0,1,41,48,25
36842,12073,2129,6165,2531,1273,1429,1603,50,35,0
205225,235706,5274,17872,2208,2335,1042,803,44,1,0
801457,53655,15819,13557,3761,2752,2131,1361,50,1,0
3217120,23615,31350,3576,12351,2761,2507,1268,60,10,0
726380,6267,1506,17497,3144,3971,1427,502,70,24,0
1955113,159880,17634,40492,57119,16105,21427,27484,81,47,0
1424436,244662,89486,106473,39697,33526,17243,11924,83,56,0
609460,92771,8584,30484,6965,3693,2422,4254,74,50,0
627515,136455,34322,26007,28265,9568,5232,1942,57,38,0
1434123,207086,108376,55217,50684,44515,13442,4425,66,43,0
2036590,87620,16514,7425,7425,6190,1887,1418,56,38,0
454942,48249,9316,9850,5701,3751,6422,1256,54,47,0
999014,432405,163579,53192,23275,142200,5452,11342,54,61,0
1508780,157469,51063,109200,30263,26656,2313,2734,57,60,0
188557,6656,2603,6932,1199,3962,380,820,57,60,25
2230663,100426,19665,7898,7648,3558,1874,1070,57,60,26
2515081,37548,15332,12330,23980,11418,3814,2821,63,70,0
486935,573063,25513,42785,31245,22553,14559,10710,51,66,0
1922042,46592,78715,24683,15977,15585,2891,3338,66,57,0
158539,22658,6923,3567,6252,1559,490,532,57,51,0
1055023,150506,69924,12355,15875,24628,6869,4127,61,47,0
1202424,40257,21623,50226,16439,9142,13262,6833,84,54,0
2242917,535683,247677,129451,142754,98938,27490,22262,84,54,25
1276001,43644,9705,21873,36420,45652,21325,2078,84,54,26
113177,26001,8125,2531,6936,3211,2303,816,67,53,0
111888,139926,5464,25540,20172,19203,5565,1594,61,63,0
1241457,247354,79828,43545,37761,38803,26789,8716,61,63,0
697519,132111,96828,39949,58053,47624,14103,8676,54,69,0
2034791,247115,59154,49118,34635,20439,19346,3840,56,64,0
2219490,37707,11040,10113,2671,4012,1846,1292,67,60,0
179442,11192,39815,10352,3304,1713,2572,598,84,47,0
93769,20889,12758,5166,6730,5238,814,675,80,44,0
56113,44309,13000,14255,2895,6299,3642,1257,81,50,0
2262659,52114,33058,24907,119309,30047,8473,4249,81,50,51
781993,6033,4132,2506,3365,2226,303,692,81,60,0
20729,7303,1283,285,135,202,235,149,54,56,0
30278,13898,3874,988,802,1669,864,182,50,51,0
838532,76801,3828,36972,13356,22994,11103,4034,47,60,0
262700,8043,21052,8567,2879,2225,2454,1406,60,48,0
521066,21605,9237,7840,4541,5041,2330,1487,69,66,0
419740,75319,37070,52680,14103,15544,5786,3297,69,66,51
339707,210100,59055,98407,97020,48901,7419,6693,69,66,51
2331518,90013,6351,29991,23006,13616,10302,2215,69,66,25
1144000,20207,9146,9862,5852,6565,4983,1438,77,74,0
2004238,216728,176023,176999,76061,57248,16155,11229,88,64,0
772647,13305,3522,3105,5662,5951,921,235,88,64,25
7,1,0,0,0,0,0,0,88,64,25
543443,36050,33004,9864,19904,12517,4365,3444,88,64,25
797243,43790,9869,16212,7249,4856,1467,1382,70,67,0
518456,361476,111182,61673,116993,28606,13020,8664,66,57,0
2067549,293904,5711,62874,110994,104321,2723,9872,66,57,51
627430,1624,1356,2149,3287,1208,511,225,66,57,26
1831387,66632,1124,4657,7074,2720,813,1113,44,41,0
325287,11904,4680,1878,1711,955,270,188,44,41,26
160375,30429,7636,4800,1563,3046,2752,1200,35,38,0
2296410,155294,31019,44954,43603,12970,11324,4996,34,37,0
1103515,32276,11013,4097,5941,13055,4047,1001,30,53,0
358318,30550,7025,5035,1912,1514,1493,572,30,53,26
782518,39539,38548,19828,18276,12836,7506,14626,30,53,51
460144,250291,7144,6945,26931,29395,14921,8069,30,53,25
987549,18151,12295,6244,7420,2869,2661,1125,54,61,0
126000,42400,21850,21779,14387,22635,5188,1838,54,61,51
139,49,19,10,6,4,1,0,54,61,25
213635,152989,11823,33608,39955,21237,30339,52320,54,61,51
761522,52014,29397,29286,25227,21621,3514,1403,54,61,51
557710,162778,17077,18784,16852,9867,2289,1646,54,61,25
2310085,75117,14338,26640,11579,9152,5625,2343,54,61,25
503629,225826,42801,79440,51809,50923,10449,9673,54,61,25
746994,35630,12190,5146,4080,2852,667,1014,56,60,0
39792,26131,1036,4193,1068,935,719,261,50,53,0
163609,179185,3750,9896,7012,26411,4660,8139,35,47,0
165620,48926,2792,5610,11092,3185,3244,3389,17,43,0
292124,368985,52055,63805,33125,11812,5697,3440,14,34,0
723951,69951,6702,11250,7536,8865,1510,1318,14,47,0
488168,134330,49332,40494,60481,24306,2706,6895,34,44,0
703268,28547,2844,5692,4098,2702,1247,1493,38,47,0
171922,41617,26738,9641,4846,6634,2101,614,48,60,0
195994,122535,42223,28325,41392,20049,6363,5376,53,60,0
782237,88673,40512,35451,25207,13531,4514,6046,57,56,0
2714266,86810,34257,35010,74073,32506,12745,3023,63,67,0
114724,9627,18970,7980,8058,8543,1281,993,66,80,0
382280,107608,57361,12210,39672,17857,5757,1294,67,80,0
1336414,44800,19938,18507,2468,11503,2521,1087,67,84,0
626657,30107,2973,3197,3775,1477,1216,582,61,67,0
763260,40060,14403,10588,4915,4495,6408,2337,53,54,0
40486,65913,12012,20429,12068,15887,2607,2825,51,60,0
37623,3443,4727,724,1560,1052,630,309,54,57,0
60206,15931,22407,7447,1948,3568,2319,3227,75,64,0
1201871,22942,7776,12041,5876,2664,1322,3073,77,63,0
19068,14549,8926,3635,847,891,1045,918,84,47,0
892629,147553,65477,99124,29534,18911,12917,5779,84,40,0
236982,49227,7692,7914,4531,3251,5154,967,67,35,0
166604,33704,9564,10108,2993,2945,1646,742,66,34,0
90902,44103,10236,24007,2738,1275,1048,1639,66,26,0
429383,1982,1446,1925,1262,871,658,298,64,37,0
1514126,63550,21247,38392,7228,8397,4505,2098,75,40,0
461684,489423,8907,25396,59914,56999,8557,10083,53,47,0
382633,471010,74734,11905,52978,18197,8602,7395,37,53,0
39359,7050,442,2053,2173,701,664,386,26,44,0
61845,4954,2521,9785,1739,1828,490,225,30,50,0
391015,36298,2997,37166,9993,9189,5202,1881,56,50,0
810218,134237,30165,22858,31455,13766,3040,1839,56,50,25
483804,7781,3387,2075,1788,1925,1240,744,67,67,0
602302,213856,161150,62014,51574,65614,9240,7102,78,77,0
751143,26564,7507,19957,28536,22101,5689,2254,78,77,26
3460252,94178,22881,20102,20723,12636,4498,3196,78,77,26
107537,40020,17545,3059,8755,10138,3175,1223,64,81,0
2018055,21100,107766,72478,20236,41134,15288,9368,75,87,0
119587,9221,645,1848,1038,1365,1310,411,67,83,0
1288354,107764,36249,37615,21237,33592,9323,4895,67,83,51
713878,166129,80310,72410,63231,53942,29629,11082,67,83,51
394730,157399,86834,98571,103974,35782,14804,12142,66,80,0
455109,341596,12059,63029,39639,69822,22598,16505,60,80,0
797597,18695,2580,37601,6736,7545,4503,2850,53,75,0
371738,76484,5035,14059,13054,16233,2613,3060,51,78,0
261987,210481,14276,14315,4968,7689,7617,1471,37,66,0
348705,101582,10476,9419,14891,10703,2330,1089,35,60,0
1621805,288060,52136,47045,30131,38132,8986,5148,21,57,0
77679,27786,5829,42801,2319,3966,1802,703,41,44,0
249839,111112,26684,28224,32435,21353,13566,14794,50,60,0
1324044,128081,59905,28550,21822,7255,3570,3699,63,50,0
849435,185440,18090,42952,65333,16496,4885,5762,60,44,0
816305,79623,1503,11075,17635,21869,2780,754,60,44,51
5293,1954,1778,2618,942,495,140,61,60,44,25
1144857,58134,16151,8791,16282,3248,1716,1085,60,44,26
270937,322409,7171,36257,76289,16587,29162,17715,35,44,0
1394552,19930,17322,4517,3642,4752,1670,2190,43,43,0
116888,13813,6435,4606,4146,5993,3909,942,41,63,0
