290039,65010,67100,57603,21205,5220,5250,4388,0,0,25
5,0,0,0,0,0,0,0,0,0,25
453515,188288,88674,47538,30234,15473,7006,7181,0,0,25
12394,16439,7205,532,4996,3448,863,577,0,0,0
1723684,36054,58331,8778,25205,15998,6336,4664,0,0,0
5637,15091,21259,3809,4027,2239,1406,397,0,0,0
566141,71927,14978,3643,4289,11733,2672,3939,30,47,0
1169140,31739,12890,2330,19539,7276,6294,3943,24,60,0
872,4380,8185,2575,4437,3070,528,510,35,77,0
16739,23845,34514,10693,25010,9574,2087,5201,43,84,0
34507,4768,2134,1337,1233,1005,888,443,53,83,0
1053,3755,5306,3650,3010,2884,615,562,69,90,0
2462,4319,2058,4600,3288,2033,616,382,66,90,0
145304,6403,38856,19787,21349,18318,2055,3321,75,100,0
18972,8751,2269,2985,1431,2747,1166,895,70,100,0
6387,3204,11102,3271,4879,2401,437,452,78,100,0
4793,2922,4797,1898,3620,1506,1569,846,80,97,0
379415,46975,21300,5840,23305,15924,2159,5816,61,93,0
4075,3530,5833,4425,4295,1728,406,525,75,84,0
37998,26184,12476,17649,18135,20122,4838,3203,60,97,0
347205,99599,9230,9377,18055,8231,2159,2330,37,83,0
6264,5026,2918,921,2675,2062,881,424,38,84,0
395474,30799,3273,6218,3609,3238,634,399,17,75,0
388172,44411,28033,6410,2902,2564,3205,1892,24,34,0
6178,5742,6469,1229,7351,6546,769,296,38,60,0
476070,23553,3823,13614,9977,5506,2944,1268,40,44,0
1868,5917,4579,3052,3403,3366,788,643,51,60,0
4397,3308,7975,7529,1949,3073,971,204,64,84,0
207210,68782,16942,10819,4757,3798,783,414,61,47,0
8833,2537,3299,1212,3170,1656,232,437,64,54,0
2710,2025,7285,4644,4953,2918,420,669,75,53,0
1574,8287,4768,2433,1945,2402,890,358,60,51,0
6447,12216,8407,2049,4279,3409,1004,595,64,70,0
88133,34034,6279,1981,1293,4105,672,636,53,60,0
10965,14829,1881,4279,1635,4464,1359,698,35,60,0
36747,23877,6939,689,4307,2746,711,615,21,50,0
7068,12808,9014,3244,5040,3703,586,696,21,50,0
57961,19714,2055,2442,3219,3904,1147,658,16,57,0
7385,8329,16765,5344,1979,2959,1131,399,40,47,0
41638,18855,2227,5886,7206,8173,643,603,40,66,0
174352,12077,5202,1985,4444,1874,961,384,37,60,0
397166,55172,16872,25242,18747,10996,5331,1574,51,53,0
2714,5457,9135,4630,1043,1962,1193,630,51,54,0
8556,6207,9434,2111,4021,4106,659,621,67,51,0
1935,6774,2028,6623,5813,3184,1000,875,70,61,0
22160,19935,4226,3147,628,2928,305,852,66,61,0
134206,24291,23906,13151,19426,14130,4183,917,54,74,0
8223,6352,12062,2393,1549,4239,893,384,60,70,0
387182,51142,8867,9622,41487,9040,2944,4228,47,64,0
65002,9388,414,334,595,998,240,111,30,64,0
3745,4798,4958,7530,3910,2698,779,753,38,56,0
12486,6196,5075,6721,7915,4827,853,479,29,61,0
12679,13075,1060,2296,3389,3525,1409,897,34,67,0
4264,6174,1301,5127,2571,2841,1035,864,56,80,0
81067,31245,4319,5005,1807,659,928,692,41,56,0
1221750,187868,19925,6244,9761,14176,2388,3000,23,40,0
451431,17684,7279,5799,7688,6998,2106,3391,30,44,0
412917,48333,25114,8602,33444,10672,1895,4354,27,38,0
173092,17219,1055,4963,4067,1003,753,662,27,50,0
15862,10734,6778,4397,6134,5056,484,433,43,66,0
22908,16727,1300,1615,5467,1718,1042,261,29,56,0
97971,4892,1635,12842,3515,2039,582,729,44,53,0
29376,24378,1201,2822,4797,4111,819,503,35,69,0
108927,11774,5250,2730,1077,2617,317,1022,35,64,0
3877,6785,8664,4896,4160,2915,696,316,60,69,0
54751,9931,5533,8100,6962,1313,803,243,51,63,0
4555,3683,3122,1975,3461,1675,720,727,69,64,0
393226,18845,26180,11053,27028,16054,3316,5013,70,75,0
8028,4065,3751,3073,1624,2651,463,265,69,81,0
2950,5898,1808,652,5052,3497,1376,1255,51,100,0
96693,4723,22006,5933,3983,6935,595,451,64,100,0
517702,22769,6002,5776,8756,9924,3569,1857,54,100,0
347971,32994,295,2659,3436,3392,1065,506,27,93,0
2528,5163,3281,2736,3168,3553,1040,288,41,91,0
576225,71175,16174,4075,3411,6890,4388,1334,20,78,0
884420,236351,24966,9728,18198,10450,2664,1399,10,53,0
5838,5049,17020,4074,4235,1284,903,415,48,44,0
2172,6873,906,4453,3994,2256,1813,321,47,38,0
5004,8416,29962,3020,10131,3738,520,412,67,41,0
363468,87939,4948,9361,18538,5103,2180,1570,67,44,0
4721,12857,11598,14635,4462,5194,1468,455,63,56,0
7628,4550,3337,1134,2775,2297,1314,1075,63,60,0
58532,39208,22604,29965,27190,10413,4926,2298,51,63,0
371250,54682,30323,6171,7451,7660,2261,4129,67,69,0
1943,9500,8831,2704,3107,1986,520,440,63,64,0
4425,5170,14938,5681,4062,2917,1005,754,78,54,0
9377,1643,6928,1119,6275,3721,2220,873,80,69,0
4905,3630,10039,6535,5072,3289,656,362,93,78,0
12456,4973,8695,1063,1161,1508,552,306,97,78,0
2588,4824,2396,1357,4688,2861,877,435,78,91,0
4973,6103,3116,5451,2909,1507,1260,549,80,75,0
409667,35564,1991,15515,17020,5699,2843,1766,61,69,0
43975,10447,9360,1339,3728,3934,508,609,53,78,0
342188,49331,14316,12979,13375,10335,2152,1088,54,67,0
8543,5790,5533,2387,4640,1326,1263,499,53,67,0
363139,40837,28497,24346,16809,9111,2071,2452,63,66,0
4629,3518,12672,5864,3851,2189,1304,417,77,57,0
35209,33311,3748,4837,4987,2627,940,214,70,48,0
2338,4859,3597,2563,3193,1322,867,383,69,51,0
1171,4139,761,8671,3217,5591,695,422,70,69,0
10878,8765,7349,4580,2012,2238,717,274,61,69,0
466614,24331,2154,3859,2646,2134,1426,398,60,74,0
597010,35058,3713,9431,4690,8613,2293,583,50,78,0
3866,3777,7284,4735,4015,4402,383,521,53,75,0
6200,14877,5021,5911,5947,1495,1433,549,47,66,0
646235,26162,52905,12810,7074,8467,1877,2195,70,69,0
5026,7478,2917,2005,1885,1340,645,627,77,61,0
28126,52996,17610,8031,8239,19681,1937,2262,64,60,0
96657,14928,1504,2801,4638,3986,644,906,53,77,0
4520,3040,3263,7873,3123,2699,832,370,50,87,0
404053,64153,6975,4903,7015,6059,2473,1855,37,81,0
32046,21133,1302,5123,5146,2664,822,793,30,69,0
3595,8522,2426,4067,1723,2557,711,494,41,66,0
499993,43530,11604,13395,16679,11833,4682,1995,27,63,0
26895,23904,4385,3414,2073,2733,574,335,35,64,0
6216,7893,4106,1189,8197,4641,912,446,38,83,0
922214,45282,27706,23438,20048,13697,4909,4720,40,81,0
8976,6076,2745,5847,6159,3196,1170,526,44,84,0
3881,7186,7588,7772,6819,4483,1092,591,57,96,0
7349,3876,25513,4518,5145,3750,580,564,84,80,0
49868,43321,2041,3247,3539,2147,628,607,64,64,0
449655,68898,21527,7206,20875,8742,4304,1642,57,54,0
25199,15986,3640,805,5335,2771,1129,347,40,50,0
14092,4591,984,2091,2385,983,547,241,20,53,0
10006,5778,759,11284,3212,1944,680,672,44,64,0
4971,20001,5845,2873,4405,3523,1695,445,47,66,0
9309,5424,2255,2895,2096,4358,465,529,56,81,0
631808,16772,23106,18629,26779,10673,4236,1821,64,87,0
3141,4258,8939,3667,2143,2520,908,635,66,88,0
8102,6694,7308,1332,4454,2996,757,472,75,94,0
529202,23319,8186,9103,18718,13406,4223,1045,70,93,0
79511,6748,2170,2573,4049,1972,455,576,63,93,0
6022,11956,1620,9577,5448,3615,1203,785,51,94,0
13454,21559,5258,3671,3027,3202,861,445,43,87,0
1199,8023,4979,1557,1545,1953,501,848,50,74,0
23694,36318,15594,2669,6240,5483,3765,1875,50,64,0
127539,188158,37290,20271,24747,17759,15646,6557,41,54,0
19287,14185,3340,8893,5304,2522,884,1003,48,53,0
33034,3187,5435,16394,4196,4154,369,413,61,57,0
6085,3778,7710,4102,1404,2308,417,278,77,63,0
498361,65391,4472,6208,14347,9987,2084,1219,69,69,0
3212,3100,4774,4251,1979,1553,1151,522,80,75,0
6812,8960,11971,4048,8478,3041,490,523,70,69,0
2887,4323,4341,7250,1526,2443,717,606,69,69,0
1714,2908,10517,3774,2319,2524,1109,189,100,69,0
1882,2732,9766,5752,4769,2945,761,296,100,74,0
5896,3045,3913,3585,3899,2152,1824,519,100,80,0
3534,7310,3155,6797,3828,2867,332,357,93,81,0
314275,130246,73340,7405,15639,7322,3394,2486,80,64,0
4762,7114,6088,4064,3449,1610,342,227,74,56,0
41116,18710,16746,4476,2062,2297,1288,1077,74,40,0
8387,9444,1636,5721,3241,3409,932,896,67,41,0
63355,13685,3334,2662,2106,1932,937,868,63,56,0
52329,35590,2835,8341,5760,7873,1879,517,47,64,0
209250,23706,67480,26932,22363,14278,5050,2646,53,75,0
45378,13171,8396,3882,2260,2650,706,408,56,66,0
458061,33038,6799,19338,16000,10570,4439,2383,60,74,0
6406,6534,8135,6403,3517,1977,1456,434,81,64,0
2159,6495,14131,5822,3097,2722,659,190,81,63,0
65158,13043,4170,3153,4644,2871,779,536,75,67,0
5088,7246,894,2663,2413,2527,1232,466,69,70,0
3907,7377,4831,1237,6135,2513,725,918,54,80,0
15336,3562,14271,3090,3778,2631,1538,708,57,81,0
120035,27215,4280,3691,7486,2139,1966,613,53,69,0
572585,52989,29737,3053,7042,10522,5406,3588,57,63,0
89075,12378,2528,5497,4422,4905,695,1267,60,66,0
4695,2699,5818,8037,3843,4170,1139,1545,54,77,0
3220,2194,3586,2903,2661,2558,956,448,69,96,0
625328,46521,52545,12861,17024,9034,2280,4237,77,90,0
15751,12040,4940,4499,2332,1451,1401,421,81,74,0
88755,57806,7760,1331,2903,1835,1277,591,56,43,0
32090,34549,7227,5470,4425,3715,645,493,44,26,0
57339,10532,6563,3819,3496,5850,483,330,38,43,0
63826,19483,5761,7754,2887,2259,434,294,38,41,0
46995,6259,5133,5489,2243,4137,881,223,57,70,0
63413,6692,1704,1301,3036,1387,1816,403,57,78,0
25156,8486,11160,3505,4743,3470,696,402,63,69,0
446658,5931,2877,1589,3721,2292,900,811,57,87,0
76437,108823,28242,19674,15769,5275,5626,2316,48,60,0
251606,97764,42087,21352,7336,10664,2976,2661,56,50,0
10151,4516,2932,7019,2234,1593,569,373,60,47,0
69212,84937,33510,7941,3616,6272,797,1479,61,26,0
1011123,191336,11284,7561,6705,5397,1417,1426,47,23,0
1439148,120111,2938,16534,41560,19339,13976,8014,27,30,0
169125,4349,5380,6278,4417,2108,1035,975,27,35,0
1016341,118062,21244,7742,19982,10201,8028,4507,17,40,0
10403,1830,1383,2746,2360,1999,339,378,40,75,0
26067,30682,7069,40766,17445,5699,2269,2656,64,66,0
5257,6585,6225,8630,5585,3164,362,305,63,67,0
2331,3466,3433,1130,1651,1197,1042,406,78,78,0
95246,8762,2626,11061,12664,1925,804,666,77,61,0
119561,18411,31928,6930,20995,13798,3076,907,75,77,0
8906,7009,1379,2056,3399,1962,344,458,60,81,0
86321,14106,7548,2715,4607,2413,374,313,56,77,0
4501,1731,19926,1288,893,2826,516,861,74,80,0
3540,13321,9677,4138,2124,3028,725,384,69,67,0
25144,9440,10064,2487,5547,6015,942,394,77,74,0
11934,5977,6353,4564,1835,2797,1132,294,81,78,0
4704,5653,11951,3944,5782,5508,806,923,67,87,0
65476,39047,13489,10044,10753,8234,2449,4001,61,90,0
1021,1416,7897,2107,4553,3107,872,364,67,90,0
75480,38278,13466,1885,3850,2599,500,596,56,75,0
759654,131442,16326,29487,11502,9633,2590,2457,44,54,0
53067,42293,14025,2450,3338,1966,863,289,44,37,0
2765,4316,1717,4641,4401,4998,417,317,35,43,0
5039,3523,1146,2173,1119,1770,584,580,40,64,0
6546,9603,1018,6561,5485,4116,712,310,41,84,0
21989,3258,8042,2631,4842,1701,211,352,53,100,0
18930,5940,5720,3603,2984,2142,1215,338,60,88,0
4252,4155,7217,6209,3870,2078,1060,654,70,78,0
7443,6556,1460,4072,3664,1356,762,403,74,67,0
2246,7610,5049,3526,1694,1955,416,326,69,67,0
1335,6212,5706,1787,3119,2480,1351,612,66,70,0
17886,22056,5315,919,2036,1091,1064,401,48,56,0
8105,10300,2494,3561,2537,1755,567,683,47,54,0
1399,2466,2859,2362,3519,4393,389,207,41,70,0
22883,12314,7565,2127,6676,1944,291,677,38,61,0
8847,6940,7134,10696,2667,818,351,685,57,57,0
1010,3444,3707,2983,3193,2191,540,206,64,66,0
12461,12676,10581,3448,2025,2769,791,583,67,44,0
496060,29324,17059,8495,8562,6242,4987,3816,70,48,0
2653,7733,10238,3469,2816,1623,655,291,67,57,0
4654,5660,11595,4438,5271,6195,464,803,69,61,0
8043,4911,12639,3884,4679,2385,623,967,78,64,0
77617,5289,2929,1555,3846,2039,536,543,74,70,0
4232,4307,3672,2702,3092,3609,440,494,66,91,0
6283,6020,12772,4251,5533,1603,854,353,70,74,0
85647,16824,10019,9129,4501,3497,552,502,63,69,0
2989,5522,13086,3515,2298,1688,1148,297,80,57,0
7693,8774,5437,6181,4265,3574,488,1295,80,50,0
45289,16252,17214,3028,3064,3885,751,569,75,56,0
33296,11725,10242,2090,3653,2151,973,476,74,56,0
4168,5340,11648,1864,8575,2376,484,777,66,61,0
51357,18580,3460,1146,1031,1897,698,580,54,51,0
3497,7615,6251,4268,4023,2168,337,410,53,53,0
739540,35457,21416,31680,12578,16352,2726,810,53,61,0
1999,2028,3058,697,2231,3283,747,665,48,80,0
2795,4096,3938,4562,3520,4300,614,733,61,97,0
16572,25999,12949,4918,3104,3832,657,1078,57,93,0
2902,11424,3854,2413,5394,4669,1648,1020,48,97,0
546437,56730,6447,4633,3432,5386,2834,2991,35,74,0
555248,47635,25197,9178,19744,11456,1839,599,29,61,0
519062,91578,9556,9093,4544,6823,1930,1820,20,56,0
78951,7952,10751,2747,5852,4867,773,346,27,54,0
3377,10494,14344,11122,5113,3288,438,768,51,56,0
3493,1800,3668,2873,1747,1427,747,578,61,60,0
6553,8653,3544,3394,5957,4732,549,438,67,80,0
4711,3375,7141,8489,2835,4690,1000,307,77,80,0
1365,2765,5453,9113,5848,2963,2012,684,77,88,0
41478,10522,272,2615,1465,2786,879,675,56,90,0
550193,34302,20663,2592,13601,7961,2619,1937,57,80,0
2882,4024,5272,5237,5000,2340,915,1248,53,75,0
30218,13366,1039,1417,1697,1715,857,259,29,69,0
7202,4963,9699,2584,3993,6094,553,465,43,75,0
462416,23082,2967,8782,2876,8988,1816,1780,41,83,0
5883,17063,3787,6631,4155,5649,1041,260,30,87,0
7576,1343,6932,2203,9429,2697,778,453,48,96,0
420127,36274,38030,3561,14763,17626,4928,2182,47,93,0
8630,27809,5031,3202,1736,2023,1727,794,43,75,0
554,7642,13662,4045,3667,3251,932,307,54,67,0
7881,3373,5844,2717,5645,2000,734,531,57,63,0
2648,5400,2575,2878,4373,6726,1321,386,51,74,0
8787,17405,8723,4772,4760,5296,843,952,57,84,0
6743,13593,7042,1438,3866,4068,475,419,47,90,0
65887,1032,1428,676,737,410,108,214,48,84,0
7346,7601,2743,6549,1854,840,436,1358,60,53,0
1416,2733,11431,2598,5863,4276,742,250,67,60,0
2322,8513,17533,10567,2290,4007,597,898,83,53,0
18784,16223,6518,2145,6121,2762,1425,583,74,51,0
11624,17484,4689,6827,3543,2514,1394,372,66,56,0
