38777019.0,0.0,7969077.0,0.0,2071780.0,0.0,1733129.0,0.0,1073738.0,0.0,1083037.0,0.0,732097.0,0.0,541766.0,0.0,7485.0,0.0,15377.0,0.0
-263701.487289,3875688.77803,375331.499703,575248.724591,122252.102556,228728.002671,77748.915296,42525.8956777,59144.01815,25845.5838743,46976.6405469,97096.8061643,-8027.8516154,144593.644996,1.8515136053,96062.3587453,-434.585519041,809.267064289,-367.143384351,-104.723282417
-7650169.10989,-122241.412063,-1340591.05445,31637.8122234,-43509.681751,-1080.43701179,-170003.225964,-73461.6452331,-11461.6335331,-1796.85773028,-130708.462607,-40332.8673075,-112161.864687,8025.1184616,-105495.200538,-710.381952542,775.121528293,30.33054876,-1393.44293606,-871.945265953
-1030123.49433,-8755249.55361,-134903.685281,-1258967.12474,93611.4688658,-360678.735323,-76784.1691031,-223237.296817,19211.0592261,-127943.036559,-5219.25118614,-127726.753913,36586.3173337,-124094.419567,21239.8258548,-105620.843556,-847.688691479,68.7942174639,-135.034148196,13.6205300807
9125914.35512,670097.66423,1200320.09451,-258537.560689,320369.589133,-31814.1974885,251617.805844,-27190.6565751,137046.686185,-10469.282899,132313.411962,28380.830082,131785.24921,25601.0617352,109676.257765,18855.7610058,122.608641621,-125.24658756,270.688268996,556.177597808
6196940.58578,5409142.68887,1753837.00619,1063531.9182,366577.60891,254888.656105,211481.511315,168648.937775,124972.809112,5341.83225401,154406.134145,49753.5383151,124959.559569,32830.9833153,74622.3492706,81694.9366797,-647.426289953,94.0301500531,-649.314189294,-608.917066007
-5317053.19812,-2238976.59701,-943363.617209,325285.470662,-33130.3351483,103569.559042,-117017.583131,-55017.2142561,78163.4895061,-7605.99468917,-9033.14962515,-27095.0508064,-84248.5999086,-10372.4246429,-61181.9953459,-12619.8563783,-331.354425902,-26.3650708944,-25.6163807754,-620.138381834
-3859028.05892,-6948992.68168,-878619.592098,-1054256.55457,81457.7733466,-86743.1195764,-2191.15842085,-127170.261276,-25849.2446389,-107880.594626,17406.3194852,-102599.19268,20120.3061568,-41829.2745065,8746.55520942,-63507.3175338,218.463102689,446.513387525,98.7128011252,-10.1954211133
7007001.91768,-1810029.53645,1420077.65263,5878.99119445,300867.435616,-50386.3532883,304664.018773,-9165.00871632,97106.3183703,-76181.4344822,95588.8325413,-33364.0545321,110947.889719,-37089.8785046,95745.5691114,-7663.91591851,-551.074887399,6.31438055731,-1217.97738017,600.784326649
3253097.13587,1102071.93165,1723947.07577,302036.609254,154390.629673,115013.2248,132238.137407,60103.4727459,75330.7538498,-81479.5517049,3648.57107295,-17056.9914437,40791.8773925,-5065.05457574,12271.1500729,35434.7822208,-119.709971944,692.439302415,-990.027468758,-185.667827148
2733793.09935,-416362.370287,271511.713552,-505222.028256,248263.843398,-14490.0403534,122694.50109,-107698.674044,48806.4740885,-69880.0984887,32554.0538096,-23707.7419364,28853.7357021,-28793.3110067,-9911.55239169,-21057.0162495,523.377289954,122.101731429,69.0613426561,342.736318903
-7159752.68212,-5375771.58645,-1580535.89876,-1097651.53946,-103649.665387,6383.98019465,-63373.3340835,-175791.802219,-113213.736169,-81995.0344646,-71530.9161011,-68476.9565164,-68712.5778827,-19652.6833888,-46040.7601858,-37247.6395761,318.657121619,768.020242185,517.588957991,298.65741472
788967.961677,-1974041.76665,133155.443232,-508977.299666,165078.486841,29720.9880761,18330.7349813,-15670.0528401,12891.9767566,-19749.5339469,-18698.8078066,-19279.3037651,8939.50624798,-4837.08514167,24430.4732692,8612.70370007,-51.1186126771,-24.8443113679,-677.917673345,91.7172656003
-1993340.57919,864399.174584,388733.230724,492477.676633,74919.6240519,-49849.8753776,-41869.831377,60225.9248779,-69543.7158771,-10645.0737449,-38946.5034118,42230.9074802,38217.5015913,3839.63375916,-2146.61999235,6931.3063721,151.596543535,-149.994032418,-26.0745839689,89.4062951826
2971132.10358,-579078.066122,158969.133663,400966.310342,-111447.295985,14518.6838854,-2296.70770269,-165695.138509,-35321.6310771,-55730.3193218,-10831.8187716,-46186.211843,4074.3397655,-21145.2403343,-4811.7041612,-13189.0516859,-289.753521728,-458.865885637,-52.5318118485,-208.331937772
-4742564.30256,-154310.719323,-971089.801502,-160379.816426,29477.0144167,93364.4671823,-73608.6076954,12805.4071578,-68977.8468317,-78123.647946,-62139.7356066,-30700.1553264,-9761.46587171,16453.8021474,3009.42936742,-10026.2023296,161.638055873,585.604019005,-280.800706374,-240.707131545
-5851128.8344,-288381.708405,-1224465.57452,-671238.027734,-106262.018376,16020.9566147,-45829.3905975,70972.3255974,-41395.2227362,-16820.6840468,-66493.1584636,5381.25802973,-60708.1027167,16642.4199202,-37231.2484716,11382.1841011,30.4800135904,512.767353983,-110.46927251,44.6887001835
176619.004415,-980830.842609,208979.285096,-110914.276443,146336.616956,172686.581285,-26534.4445355,102854.102789,-62034.7029582,62045.8474095,-61014.8637925,19093.281172,5064.53294501,-19391.9049846,-33820.448926,-15149.9993232,502.167779613,308.144642053,-597.979356959,144.939530665
7546342.54117,2831576.99163,1308888.11653,815062.680066,211364.693258,121936.429042,183445.562014,-31941.4037435,46534.6680364,67313.6991595,94058.3168378,10703.514755,76007.9008396,-14424.6646855,55212.914278,-14740.3838648,-316.948191133,156.455598259,-101.673308556,185.895090625
403170.868862,645875.576972,-619437.702684,-139413.112048,-107964.599428,-7472.22138889,13283.5029518,-105451.793218,-88675.6361871,-45262.0127573,-16433.093584,36896.7859973,-41599.5852113,35570.526017,-1659.70133133,28938.7475503,-72.6586275416,-297.656801635,460.102482589,503.62542128
-11300184.3248,664917.936813,-1918112.52249,-450944.85185,-107880.833364,-35165.7820346,-146368.666447,-18376.0104845,-97182.3515316,1633.77351555,-98523.9759691,65096.7052037,-94840.1244098,37180.0479735,-65529.6543718,42479.6266465,-31.4056130013,-624.770019088,145.384136747,200.039470143
-4133205.17591,-5138723.78238,-230165.257334,-773506.346985,-34363.1005114,-204420.07652,-102423.421191,-46905.4191278,-30387.8898428,4622.08188407,-45939.7885132,-49620.2205861,-13824.6619387,-54884.1866566,-36764.5865776,-38629.7935881,-71.1099072264,358.007140407,-156.756596477,82.3898282337
9360412.77636,-1020706.72951,873218.47615,562219.488026,71593.1181739,75480.9349132,90926.9484249,53962.3249018,27142.0619268,2108.67107593,68426.9595921,-23167.8245855,80497.4263082,27186.8661303,50721.1073951,-16419.8056478,-122.517455921,197.630742219,269.145370188,145.793460325
-3171246.01404,7754640.46877,-626870.0007,1157057.81473,-158074.945806,141017.226643,43822.9206419,79209.5803233,-142251.450185,51509.9900305,-39347.3284648,88250.589319,-13603.2089096,61118.6237701,-6704.10243286,57980.2577441,253.12173328,-461.388926156,558.049641647,527.470657182
-5066768.35072,789954.532602,-1470254.51976,-516954.417741,-331127.970765,114459.05975,-106526.225304,22546.2852825,-59227.2650725,34740.8483948,-23575.1476455,74836.3022316,-104912.305235,45527.8825166,-55772.8161157,39159.7654728,221.313093462,175.065795785,740.018568335,-60.9341558077
-5499633.04932,-7780492.39434,-1347467.69503,-1373397.8705,-87701.7100426,-313072.665845,-144810.79538,-160145.19406,-64127.0419009,-28768.2221745,-7306.43673911,-53982.6554034,-52635.8530083,-89127.2006245,-37489.2561374,-60311.3079482,-192.027591278,-25.4837673494,516.991217326,-336.817050621
8141405.05655,2598738.5066,977271.66893,793096.650647,198024.512688,121394.70435,173777.220736,35731.3635656,87937.4898541,53149.4126263,130533.235404,-27201.7919106,132677.151883,-18854.1159017,60336.9559555,2331.63602768,-600.805151682,490.375371741,-603.798490914,330.150385566
6237654.77723,11479954.2917,926547.389574,2224197.66026,77763.1854274,421532.405646,84736.2901096,224847.874612,39787.2160193,126693.270413,52578.2857555,118999.977832,29865.9335294,137168.491557,20564.1719517,98052.1599459,-313.264879176,-62.8383207076,-130.581298875,157.160721914
-7573964.69051,907729.997592,-1164276.69874,-210697.792028,-338534.532488,51245.1649922,-141996.351492,-75318.8281811,-93285.750065,4778.71538773,-139620.759997,34446.5038029,-165351.157572,8226.49221882,-86097.3635814,5033.37844085,18.6153833875,306.551881539,-75.7539229287,94.0000205083
-3776468.74814,-9479554.00804,-948926.155644,-1148708.5096,-198037.912118,-187822.388958,-109303.184999,-188597.092671,-139003.614931,-56377.3722841,-77621.6138532,-90479.9365328,-82718.3648085,-106786.060715,-42409.5371615,-61682.0980982,102.360348767,253.043984218,-452.88051811,200.277867409
4069065.52404,-3388220.79353,674193.563222,-228109.34975,281276.970963,-58304.8756318,98598.5718187,-66509.1465634,78673.6421136,10373.5984104,126385.019562,-49450.5736827,110087.804037,6424.06036228,73162.3440095,3267.30473182,4.09530638463,121.704505312,133.646157812,98.7218302336
1441375.22544,8988481.86537,-20555.1323424,1211281.02731,-79346.0477969,164773.070939,-29352.4611313,127527.442673,-17278.4136702,105147.736327,23643.0518171,87882.1583183,8784.20636067,56369.3869373,-3959.99907663,71130.4474832,286.905614524,44.8585374456,213.896100739,85.8878474408
-1743579.38336,3643875.84546,-497412.389486,1663698.72586,-210021.156746,176191.599647,-58433.366753,131450.378078,17133.0824861,59093.4833163,-25863.2205918,51463.1962939,-72758.2261475,23843.234008,-47656.9144353,36598.269026,-152.109477234,270.628263903,-486.433537043,-385.611082322
-3937574.09687,-5732085.96892,-888706.635215,-1194573.65899,-168862.777378,-93888.7631555,-147954.222088,-201090.841768,-47659.0489793,-33786.7826306,-88160.2145228,-50148.8765275,-62128.948359,-89485.8512504,-20259.5583564,-55005.5108281,65.4276057921,112.456152081,449.910201828,192.603713562
1485777.99816,-1413989.24987,-161059.495999,-383287.007563,-38224.4967447,-27961.5873006,2948.07338865,-830.824853399,-4130.13018594,-14114.0806615,15677.8752795,18475.6361543,20380.3355138,10061.1140521,27234.2225731,14299.5840727,-85.5434931834,-50.4285999146,294.974071161,121.045581079
-917638.832032,5702707.91528,40311.7647069,1367727.42606,-6355.24673821,101377.182048,-716.878110275,173608.250373,-22124.3958395,67216.8249191,18526.5826481,26998.5993582,6825.67372145,35145.1403084,-2630.34608736,60327.3763896,208.301663485,-442.726566843,-75.7282174283,-147.661624256
1316839.94161,1483283.18002,225429.324587,1038951.44491,1130.4095144,49040.9435236,23177.9796419,-43113.9129307,25317.9744949,31062.9997402,-7277.93444032,-15110.8069033,-6670.43316989,-66343.9441821,-17160.260152,903.32822848,114.120317021,190.782100821,208.650897763,130.290410255
-463091.0585,1224684.21802,-108744.888951,149460.622705,-87156.9370997,61550.5733588,-78612.183972,-19273.1540906,-58227.4532362,20480.8492475,-122406.741415,21873.5721032,-67918.4946583,26047.8127805,-35109.431327,3533.68861518,-88.0049731042,-84.9265421552,159.063328528,216.134996947
-1220217.43388,-4985011.40312,-147864.170216,-1230425.90759,-179197.419229,-62818.6024513,-138549.902747,-147974.941923,-4445.53203152,-16800.3647957,-91877.600077,6147.68007727,-77678.4328677,-21192.5655604,-24106.8350144,-10203.123129,84.6339433109,350.768481905,209.833445345,296.605025975
-2656400.31629,874591.960928,218623.129019,138503.405715,-108972.36367,-70743.6097252,-145861.442439,21003.7718053,-47857.0227554,29713.7785268,-36558.5285832,58710.7119729,-14380.5737543,7001.78019019,-5422.13232676,19738.7011348,-113.300330621,22.0500847867,210.983564813,61.409863891
2231995.68357,-931923.85952,442583.971247,745479.015989,77865.5764222,-208109.076372,2355.93120674,-35738.9012927,59029.1726435,-51435.6077559,-1833.81494699,-40958.1445729,33851.3467853,-54317.2847925,4535.37811071,-21867.5550299,-157.166717392,224.107289033,55.9839377611,313.829261069
574938.816318,4818617.54568,-561640.486507,748805.564001,-192253.424774,108312.738682,-80297.8043787,11396.0525577,-73013.2722687,11570.0879575,-31723.7540161,11910.0272588,-32957.2057208,-9794.72545987,-23486.3691607,11924.5174918,-84.2758451369,123.988013107,27.3208052544,-160.525520563
-1377742.58438,1932169.15408,-159216.958752,60030.777296,-273186.489818,78172.5429231,-135324.200348,66203.5595773,-11605.0578192,50006.6196748,-79190.6811626,56874.9497641,-76064.2932714,28716.3565972,-42132.7981911,26094.1775037,20.1557881781,164.471805952,-337.938379433,-183.077527371
-992900.966304,-2057063.37511,360226.894038,-974360.803313,13943.0676595,-123016.447857,-142153.781828,-61644.4837344,-23403.2814364,4528.04905352,-41484.0790703,4023.82597935,-32241.2644857,-51036.1483925,-14518.9905696,-52378.7592192,-72.6380564163,224.562525316,-149.158855644,41.0618185362
2266554.31513,1082255.53361,381250.669696,1134645.19894,-150008.937954,74940.3553514,-45308.7008538,-12510.0897739,-23694.4416991,46052.5687435,-13833.9193578,10606.1946955,43348.7888703,-26757.751677,36448.5411587,1797.46196566,-69.5950664099,190.142301678,-239.411425666,-33.0499373296
-440776.130504,8657394.18828,204148.406105,1468104.43264,-17047.1022655,114008.915079,-100296.986837,194116.706049,-57607.2709595,32100.6965856,-49436.6128286,80219.3841601,-45599.3835854,27650.9619625,-13733.4551913,46468.6522245,-89.7711281417,74.3789432957,-53.6155510417,327.60235224
2865297.25709,-2854482.01173,-32497.0744056,-610823.340668,-224323.653668,-221978.204714,-57250.0491808,-48613.8913268,61714.6232485,-66443.9270167,18426.7246751,-9704.08712689,-82578.661381,-20840.6081486,-57981.525231,-28414.8484698,3.1894660236,238.189622928,87.9317216903,-61.9518412619
-5145888.55078,-7837074.11818,92617.4068292,-1372664.05798,-48024.8713986,-111740.976394,-86058.1443749,-134540.703623,-63129.9821969,-58550.2837087,-79685.0049242,-34223.8300666,-42316.5512503,-23026.8205274,-41097.064226,-73510.773694,172.083289708,-61.6023021128,14.811260323,47.2073294694
5426078.41859,-4021434.76493,808310.501355,-171269.330848,58225.4284854,-214584.057916,75914.5600119,-53199.9455019,18361.8974787,-42323.0959422,55353.3062967,-71418.3596183,66490.4018666,-52424.5677929,66502.3442541,-49173.6701855,-12.4126266271,21.8486946175,-127.641651408,17.601255443
772510.216215,5277525.8992,-71507.1262275,851784.455105,-158667.521852,44252.6393862,-56616.304839,100755.619617,-22068.9746977,22693.8515333,52222.2627774,20413.9127303,18385.6692598,18039.964398,15286.6077938,54550.8931294,200.94278112,36.2375406177,143.139545611,-6.39123874286
-4168906.57377,-1167624.89711,-1006713.16284,-169672.725692,-270117.545752,-124121.328471,-208278.011869,63180.5464067,-51864.8408939,-23724.2517905,-13978.5835935,50201.0258729,-116550.151403,26946.956283,-80698.3439151,30741.8964222,102.58403727,-24.0653187061,159.726567188,-198.26434583
-549341.45495,-5016766.58223,573993.721323,-1349581.28377,-104219.02391,-331817.278663,-80882.36972,-175670.283394,9797.33938777,-76597.0107517,900.754154418,-54888.154279,-47136.4705234,-95643.5509984,-22342.3370413,-89292.6340469,-130.978086609,172.295796055,13.8215529698,-139.320205189
4348223.27915,-5611970.8205,1046757.20096,-1040519.86007,188454.211135,-14949.5340005,86554.5044505,-68361.2279215,74948.7058682,-35370.7065422,54804.1793886,-53026.1810332,94591.8070803,-25310.3717208,73898.096657,-67784.2075169,21.7178914875,-45.9394336093,152.954440358,20.6122206886
-1508978.63001,7573878.43871,-460993.511432,1297320.03461,-90653.2066928,107059.187704,-126512.828719,287432.365019,-18687.671502,54621.1337797,53495.9157837,38997.2899796,32507.5640639,70299.9576103,24497.4698417,65962.9748477,18.0210497527,93.7529439928,-59.2290715176,-98.2196264945
-2368299.89052,487962.614665,-713243.174948,582133.554153,-427173.246063,1370.24667842,-170667.868481,34572.9373196,-24872.5764503,-29781.1060129,-30701.6667556,-5831.96109364,-124941.181527,2991.84915117,-68852.5186527,8248.4686779,79.7748606088,161.164219461,-67.6724618357,-109.323521343
-1725109.6208,-5846450.83894,300149.503734,-1569389.9205,60996.0583476,-470001.205052,-68970.6864378,-207324.624492,-67963.4215303,-121854.430598,-81816.9289623,-127193.662203,-86676.6923278,-92920.369442,-56277.79966,-93240.4011156,-85.4155060408,9.12786637751,3.23730074326,115.649633537
8611385.98605,-5943970.20839,1086559.41174,-537452.78805,42753.430261,-115626.748451,264807.385417,-77891.0227256,96866.1823795,-74101.1340098,111748.014406,-77290.0167371,106890.540468,-11810.311881,96145.6857331,-28463.9625152,-29.4330509934,-1.12820940509,-67.1192219523,20.7118764383
-3707067.74316,2534499.88688,-12647.0589948,146866.410125,13176.5082176,92864.2784766,-48816.4369066,65622.5191758,52304.8792015,20233.1847008,60692.19418,30028.2346934,39226.9298351,39742.6837223,27115.4718387,46725.0174286,-30.2258000064,-37.4894870837,-27.4087556844,-25.2398211293
-4880579.41602,645203.580901,-1252604.9425,285845.045383,-280452.57152,-119636.246676,-242115.304085,38599.4353712,-51705.3478643,-17038.6632507,-76135.6209069,-28113.6431857,-72239.3771076,-2804.44523291,-67399.091543,2655.13325991,-47.3273326341,-8.38147638804,-117.995745464,-82.8015981142
-4895649.82273,-605643.993902,-844565.843521,-117536.17434,-293374.453301,-143376.314424,-156299.947358,-37220.411951,-125995.522396,-61873.3687818,-63629.195071,-59856.6428011,-70231.4750308,-62005.634344,-34199.7726105,-53904.4397354,-49.7851708102,4.3092926978,-140.836706985,-48.279571259
5501427.32841,-3078181.84085,799029.023764,-1473083.73303,135785.779013,-139871.138023,233916.263422,-65037.056199,47406.3202872,-96352.9381995,68758.9588615,-68948.335801,68532.917535,7170.25538782,76252.9261924,-22546.569475,-2.93870044966,-92.3019952186,93.4850338178,-68.7123256519
-2645078.18623,777176.016935,171857.911645,-288306.571152,-172898.00067,-58752.4620102,-59508.0036135,110130.888133,-35591.9620249,14740.3223075,-8803.00525022,-11235.8191105,-7200.5316662,26652.2227557,-1167.62690709,21273.8563064,-19.6865836662,30.057154189,16.4394665124,-6.40854365255
-5267300.57616,-3066102.47427,-1652716.0561,-111387.698859,-247986.779269,-129515.953407,-245651.761275,-65962.7103338,-106722.074963,-53069.689512,-138493.323435,-53936.025435,-40959.0677685,-32010.3466803,-70570.1525219,-18384.1642034,-61.8784791056,-49.8541383304,-1.26837870209,-107.245560806
-2315389.60923,2958318.33189,-541349.457515,607317.881117,-35014.8629345,19293.5474132,-117467.059379,81052.4442402,-97966.4501982,38599.5689099,-127566.726158,27526.9183453,-14507.2666552,14743.0105944,-19664.6837358,-11620.4349127,-24.0588247047,18.0586864693,12.1546518073,28.4218600469
2728595.6523,326803.255333,-64758.6013822,-170394.510831,-102654.284524,7403.7811871,169443.351231,73257.6022052,27820.6890944,-21275.4495548,-28830.2890509,46858.8541757,-40925.8963277,37709.8494382,5054.10747584,19836.8220854,-55.2497632959,-64.3733864428,14.7857993695,-16.7030575754
654309.58736,-5697401.82769,488472.066497,-1033240.53116,-121388.263431,-270625.956788,19699.2136535,-6836.44695158,-35923.9696036,-45772.1341147,-20744.8106609,-52936.3814699,13850.4864581,-11718.0294144,-6656.8090558,-9142.13092803,-35.2364404762,10.6142656702,-38.5372242947,9.24463148789
18680.2848774,-1879217.67317,3611.82101565,-168886.714399,13117.6464453,-255210.589968,-59540.513867,-89476.6383017,-18859.857135,-65001.7009065,-24725.0460256,-88324.2417372,48320.8671506,-40931.0687698,-11186.3152214,-27276.4199412,-44.9005796853,12.6639461842,-36.054399026,-38.8657635122
-1846439.14319,2944419.38858,-856554.715998,261004.760034,-20320.5923641,16157.2713486,-110748.041922,-8838.78267399,-86544.8459465,-34560.6978452,-60218.8218497,-38801.1660885,-3905.92141922,39135.7071209,-3079.7287524,-15007.8804587,-55.3826983278,-8.99155400971,-8.8644543707,-30.540798631
-2244773.76198,757742.951644,-837002.486717,-143489.464938,-154537.794989,-49561.2873269,81341.9569667,53458.6494245,-569.073385274,34771.9794503,-53985.125242,61610.4212847,-20149.1609286,45156.9304843,-3862.05487501,25834.8393711,-53.5658599742,20.3974738388,-39.2661473466,-6.40614263433
-6053506.53025,2755060.93876,-458153.484338,-12881.4628745,-330728.314432,6353.59760834,-192283.523621,150042.909849,-151773.892062,83288.5585943,-189541.676323,130499.533452,-106063.460163,27769.7122682,-72173.0427482,19834.3112629,-40.0556951349,16.5987610144,-67.2584458257,-17.4512456838
7807626.69423,-2638694.35074,727158.686775,-919658.501159,125383.301961,-247410.443786,81577.4819153,-115289.750039,21682.9391903,-19288.3390877,-3748.98253412,-69014.1739852,87503.4325857,-34548.7734702,23999.5891636,-59340.6643334,-39.5736223729,-5.05770820599,-67.4485256327,-31.8168301113
-5280904.80423,329436.915611,-1677560.99938,529855.379429,-91646.4105389,9362.01225107,-109398.78426,70484.1019079,-84445.1856523,-35465.130732,-3911.81599018,-33889.7605959,-1423.95779768,23255.9986687,3424.95331784,2577.8775536,-40.674944659,50.6256602314,-17.1731691128,29.2413997059
-1358308.73468,2604733.4028,-562189.105595,658348.559216,9709.67015049,-108455.59761,38067.5173688,50404.5143841,42473.1346923,18176.9278615,5916.72297895,28177.2299621,-22277.8169483,46225.7272455,-12320.9055761,28995.3239962,3.51314287594,-40.9093068906,-60.051462591,-3.38591142608
2735552.80705,-3866456.18159,576623.791577,-520499.500128,70567.7208913,-88587.5065197,64231.9625543,64927.6827948,25440.7891148,36943.3592935,-44867.408533,38947.0754636,12037.8217096,2158.02095525,-17242.2762915,-32392.6195752,-54.4333706014,25.6803047334,-92.0660123659,-27.7074076155
4683859.99674,243227.286833,751392.101321,319397.228579,-78408.7251687,33688.145246,13375.2079546,-48079.4744563,-31184.2245741,86687.1295794,-40331.0338933,54571.8072437,19670.6249092,54521.0157596,15674.4593708,-4414.26675606,-70.8831153656,-50.2738412249,-17.9470554059,-21.3537195857
2425817.69969,1522519.24587,312833.966022,110776.185179,98114.8923524,-21427.7585436,171715.438453,-18124.1949138,15376.9754199,-4138.0815202,119489.917164,-38940.2229323,83676.3692207,3125.57974129,62091.7803753,-8400.0418664,-59.698839431,42.1160510655,33.7980102417,33.5324864484
-7905706.39727,-1436331.52039,-1785483.81953,-118734.10086,-111511.732081,-26107.659712,-123950.243198,-33416.1828876,6233.86716115,-15007.5111734,38236.0608048,21320.6762793,-61956.1456978,15503.2737941,-27835.6290828,29512.9750389,-47.9775928396,53.663599617,26.8782719557,102.819326328
-912452.998473,-1385110.17403,-199839.018421,-332348.846432,45766.0215696,-163921.040334,-106196.427506,58625.1391185,-1569.20358197,75121.917288,-57790.3673059,89123.515083,-25814.0018282,32518.7290012,-29543.0110578,5319.69069102,-48.2996953673,-15.93713845,-59.3809551597,88.2168391117
7259942.17272,-1266285.59209,1482249.26734,293681.603193,166807.807751,-66990.9309044,170120.774831,-39803.8996491,84974.6936107,57150.3642468,49981.1225149,-40864.3318913,61861.8809862,-10419.1957862,39905.9364945,-33796.7812909,5.01789380003,-66.1743612355,-49.1945373429,-28.1207454867
-2858596.77523,3825887.5088,-30501.9088939,691697.359262,-26334.1550959,162720.514926,42984.7239068,69384.0507156,-18933.983032,7116.55108723,54681.7974716,26197.1361643,36229.528783,78329.7804017,37712.5213474,25267.3665955,29.5835276099,65.3646277674,-21.2029070149,-11.404850617
-5058267.07551,-1233202.64443,-1154576.82549,14145.6782081,-167629.01123,-66683.5420363,-78775.7197653,6450.06457785,-26166.5487849,-601.063086768,42951.7934673,41517.6227377,-22224.0464338,-3468.29659,-9254.30175759,27476.2467317,-59.2751163456,12.550072788,51.8958814957,106.318991361
-3707643.62266,-1982045.03737,-524855.654548,392740.012178,6903.6415118,49542.9182189,-25307.0299108,-45545.53194,-35003.3113424,45852.0080781,-21768.0871406,42314.9855275,-30529.6907417,-35380.9582949,-47006.7758158,-1004.28157438,41.976726926,-18.8835439053,72.7416556363,48.6003774042
9474883.05401,401753.056819,1809331.84519,-104844.497662,334872.896485,48466.0075804,183011.563398,-27087.6386849,163138.485996,32634.3450835,142354.03614,-4418.21191566,80644.9402177,43114.3744699,51141.7016784,-14938.2060954,-135.010449023,71.7725400908,-37.5271073425,71.0808845632
2013689.04645,2904821.67315,1022240.48008,573500.256233,136049.399733,149977.085057,227011.669606,61823.8352207,95394.9671493,59778.37902,108849.100321,5738.78296915,64425.366443,65546.5771737,66458.6122393,17705.4411337,8.88155707292,75.5794120483,42.8101220599,-137.769753088
-5283651.07982,-2470134.17494,133257.656468,-228609.519862,-21741.9730373,29743.1552932,-35146.1666771,-42893.6343968,37331.031096,10862.2198449,28111.4713723,-8022.14422671,-41423.8438165,12285.7296694,-3607.8342758,27508.4730262,-17.3849376195,98.1858807941,-45.3177499792,-19.2602219874
-4470535.46627,-1534733.70043,-570637.961814,-607110.411404,53195.5230238,-153497.121298,-157883.54857,-25797.763691,-18871.2035606,-32816.4425225,-12296.0007488,-49762.2123991,-46701.1379296,-71768.5575144,-44312.5769672,-29820.5303032,-87.1292512983,116.427142092,10.2470448205,-34.7021819794
-156013.527386,3023992.30615,108949.800845,1008272.53581,21781.4837307,207933.945772,47529.760517,103497.252157,56664.4362114,10637.8641656,38464.351619,36113.0736539,20569.394023,57775.0374722,12090.1266668,14969.2549524,-27.1087369439,-36.7563985164,18.1266366206,-157.325587678
932786.427863,7000997.06893,1136447.13318,830865.583528,63827.227211,235716.173302,130416.991233,204410.601584,54480.2412192,89007.0381591,17510.74859,97436.707172,30194.9532065,106772.451833,30186.5452627,59817.2330237,-6.68705488364,6.90159727426,-146.855076979,-27.9612387288
-290538.039477,231903.959841,494704.825412,-114285.724183,118276.611373,-31742.2924243,29870.2278013,-6952.39437364,31450.2041534,20335.3285687,-8661.20285969,25873.3225746,-4911.34638456,-21513.5694165,2180.42270188,5623.13044669,8.51410519712,-96.2362925039,-160.343621426,65.9638567026
2300295.23245,-2781699.58565,136954.04445,-406550.990382,170447.826772,28988.6409104,6548.68020271,-137093.363277,49799.224838,-32643.146025,66059.3565784,-24705.9101318,12633.7074611,-48234.0491366,5741.74393157,-7745.22156056,-113.456806489,31.9426126168,-181.331290298,145.416359279
-2337202.49745,1841826.1496,-147875.988558,575798.195679,129838.663143,272895.724323,60832.6430917,63829.553628,49886.7430495,44365.320752,68655.2665499,15549.3279943,-20048.7765617,56106.1932366,-6633.75751441,15703.3758376,57.4004165458,122.499900062,-32.9071852136,-130.218596294
3141714.23826,5744784.20555,985448.568911,334398.719723,-98590.7045106,35150.8707095,90839.1653246,70347.4769028,44858.1895648,21378.8892254,12129.9569096,22009.0596954,-8512.25335075,7850.41660304,-296.050169748,4880.26550795,-204.383052217,-20.5594855118,-207.24736864,-82.1399815394
7469764.94918,-3089185.67818,1775624.96231,-450778.424688,236110.889357,-5873.47739976,113083.907021,51352.4452164,98386.0912993,-11452.177651,54825.7339411,-22652.0940768,73695.1318525,-13797.753252,39609.8494056,9153.89573647,-257.874437995,144.739982524,-163.612659525,124.398379832
31123.9421299,4230373.7212,393585.339415,39882.2391903,212597.66193,235582.477278,-10447.7606301,37278.4706058,14425.0769481,14316.3257595,-48077.7331215,7394.96960906,5159.98517778,3712.40232963,-13887.5931285,25080.2356434,-2.86940670893,202.064749275,-254.3722529,60.4633725175
-2318041.76675,-722817.064448,-294909.686965,-604259.143973,-15654.061848,154499.026397,1448.2657185,-12738.7670922,-1555.82872423,-24135.9237757,-9048.07196,21602.5583483,-42691.609454,66191.5760302,-37498.3568497,35463.9298033,-7.92550257093,153.635327359,-36.1944830507,136.398370716
-1408710.75419,581852.601017,-159489.933708,126978.270862,-10367.8993061,9669.38621968,15657.7565242,156466.079267,-5444.27242107,84896.6089581,-23398.4775868,78390.2986816,-34617.0854838,31233.0945181,-7933.59251652,6239.71463344,74.0664647137,95.5747168639,-90.8369985848,23.1308144785
5709503.43058,730188.940898,1352299.32022,318085.829205,135214.610568,-21460.7864204,167312.874279,-16624.4830921,32816.2769199,23376.4895755,8606.87336467,-21216.5223828,69797.0377528,-46676.9563452,36652.2011904,-15093.1062431,-55.8363640816,-17.6146035009,-137.929852894,-25.8363972192
4564252.07963,3505095.55543,1031986.59789,74380.8749713,140913.151144,126454.553603,125983.765646,4697.66956796,91836.2750632,-59540.7453315,73668.8370322,-81648.4691974,63041.7307227,5480.06926038,31668.7824087,17332.5742736,105.692003811,22.880783258,-78.4859116148,-85.0479320681
-5907931.44792,-1519419.42281,-1017986.69423,-234287.084332,-2639.37703095,93368.0016715,-74685.3512982,-74646.813908,37870.7714508,-36388.8220553,-7065.63499773,21748.6300773,-45319.9667485,-7807.16170323,-65242.2696133,14883.2483683,-24.7766789276,-101.301840829,43.8044755277,-17.8283640764
28390.6537988,1128020.32692,-544229.03237,-150716.24996,-94353.2544702,197563.890737,17545.0600833,138022.919212,-29268.1237162,95620.306579,-24898.6221569,125099.343085,-12699.961507,27147.3124667,-21563.4671725,11160.4335388,11.2279818374,-18.4051319225,101.377935534,20.6361625729
7753919.68481,-1447343.84754,1253645.58148,29519.7496272,302519.39995,65110.3675067,194794.905272,99203.2781095,82471.9860051,-2851.61141732,72901.6954594,-7232.32755521,61451.6970071,9883.5003781,42387.7504738,-5338.34901769,44.1929288444,66.9228276695,-46.3134843544,-15.6572361789
3779469.19063,5665169.70833,546565.602611,509319.984942,-18351.4374541,128260.819281,93155.3815891,-51538.4411285,-1036.69068378,28664.9652348,13580.9575278,-46159.8295446,26228.0344466,-25156.7944295,20779.5894647,18673.6885297,-38.9387576031,-90.6157227906,-40.5824667021,-2.64647874478
-929835.343693,-6729510.33143,-52823.4758256,-592049.475803,-27403.8769755,-28743.6108798,58860.6837565,-55609.6493327,36859.0503718,-36688.1347776,53794.6314187,-47658.5582857,3979.43868776,-5117.36493425,-11141.3161355,18760.9646565,34.1720956277,133.746635085,166.314779879,28.2659432049
-3869522.24077,-5970334.91566,-672983.729885,-1548715.10805,116813.172721,-15058.5314262,-23216.8415234,-87271.1212157,38965.5049333,-30199.7216721,-33049.4728172,14497.2386594,-34256.1596891,-26340.9192046,-36259.528318,-20427.0931176,76.7328369805,65.8741895503,32.5290645413,50.5453599884
3643057.17676,-400811.657993,442445.727484,193555.245907,21834.5442147,68387.9246589,59353.8157696,55021.7656681,9681.27284294,-41700.2849554,-8079.02995288,1432.98721975,38636.7147361,-767.304619739,31252.592377,-13572.0900674,-166.676339702,85.6790696694,-19.0472527017,-67.4075841593
2386398.37239,6693156.29587,853547.644695,1038351.39325,8185.88774873,194288.015765,108040.000522,138157.838657,29623.4161489,30102.771933,64804.0110869,-8521.98420657,45944.3592407,10905.9071167,46522.8475995,17158.1691767,-125.303439547,-28.1896588949,-78.6351098694,-39.8487641531
-293689.404011,-1434427.48218,-284568.575679,-357994.854644,-23416.1644667,-104258.014884,25168.3190531,-192510.025222,58524.8244027,-70310.2714899,62082.7051704,-37014.296298,-8986.96875352,-79651.330363,-18799.1473154,-9125.16776379,-36.9261607842,-162.285528532,-14.7680541146,-47.6511692094
189978.003806,-3803742.27029,-474360.962403,-598344.621344,119385.134177,41340.7613857,98346.4956999,-53226.8192563,-42118.6089187,16421.8465417,6023.63423919,1290.21954541,-15303.8149151,-10668.7371282,-27593.8863662,-9241.15220049,125.653303539,-67.6869983146,-88.0890637361,-25.2944126283
1190908.94428,-5031279.13921,-341101.917149,-354771.433954,109751.244562,50656.5300059,51809.5727003,-91375.6218838,22572.1401622,-84977.4508297,470.783418688,-49974.8234597,33234.3605639,-36428.7368289,14813.4131076,-34020.888229,28.1847608624,-60.3531746228,-26.1215915623,4.7796193013
-28268.7965107,8892825.38956,-54909.3287223,894848.726474,-91095.3350018,264065.06636,-249.568800519,211546.179946,16888.3285725,50348.1768677,44398.037316,74177.6814599,27519.1408293,41476.7208432,38393.2899335,49098.9927977,-13.9679399075,72.1878257954,129.215139311,-16.6298018879
-296574.146494,-1855532.94885,276172.318703,254132.939942,-42765.8629681,84650.8744931,28368.4548406,64472.4316513,56229.5409714,19278.7679094,57159.853051,28183.1531555,-15124.4311889,-926.363512332,13827.8279526,28317.5500062,-104.705761952,37.1281246099,-21.4551709991,-35.073172077
-3445962.47258,-3683942.07098,-311969.153654,-670154.310162,17342.8072645,-59860.1172864,37119.0612951,-252324.927768,-74373.5503307,-124703.605903,-48074.0705432,-89542.8692091,-36029.9013302,-113044.730227,-26936.2093873,-42190.4663103,-53.9853590619,25.2779157199,-122.940850007,42.2783181839
-1197091.24844,-4289383.67296,-187170.39122,-692505.2352,81676.7721889,59366.4956383,63407.6656729,-146036.931409,-25841.5780235,-109543.624342,-24814.3509871,-41747.0659529,-3913.06679206,-5271.8386032,-14455.7177528,-15054.803195,54.698673529,70.015531101,12.756022087,219.495035576
-3247462.96775,3099493.71496,-866054.958498,285772.088318,-58606.1375252,160611.419721,-64899.8426313,11626.9336984,-80324.0150953,11333.6210301,-54733.4732541,52958.8352371,11763.6843069,5064.66372638,-16335.7635969,19.4096181826,-65.3986534517,-80.4830563265,-69.2885689185,105.445575863
-973866.828355,1465070.55977,-4986.82421047,980172.379795,-171487.773473,17063.8468159,-90472.6186133,36391.7588589,-52209.0977211,53892.9147003,-16683.3108086,35164.3286513,-15425.0275104,-19199.1603106,2860.30661613,21178.0374745,-92.8935671933,-42.8271613675,28.0656176254,-123.591421841
799228.208902,3908785.63875,370923.799532,-333226.667706,88792.6325319,-6557.3452767,59378.2221289,-34332.3384222,-51350.0063918,-14024.1495185,1740.87304775,-3994.35275199,-332.461974654,-41783.1741801,10605.4167256,13213.4117489,25.5412580317,44.9654751261,60.0236620816,23.0978997135
1404330.08682,-582702.320726,-690302.01332,-70572.532076,-24230.0046596,279722.492055,-21216.5385018,-148036.044541,-26308.4022576,-29748.9234612,13302.3553786,-18476.4750559,-30845.8907597,-18131.3303776,-18973.9652787,-1655.20680311,-32.4648251657,-4.32713248274,-17.005762095,-109.032753246
-7705427.40679,1906998.07545,-1083931.81088,216918.213911,-253048.55273,205863.022336,-82406.9753608,76124.9914703,-61304.3004624,52599.860264,-26846.1855784,82827.0720095,-34411.0431681,10748.8357588,-21198.2332907,17776.0169366,-51.1558734728,25.3183707105,-32.8365540977,-189.236777885
1411062.268,1226824.41372,-372798.44073,302497.264473,-23345.6393715,6795.40632239,-75974.8912925,10382.4256642,-81235.9363729,3272.66905523,-74001.2302721,11508.8171964,2018.27330176,-39138.4926235,-9781.66195678,-3733.82327958,22.7597086612,-62.9020846006,-54.4483862619,-97.3749095089
2319684.6675,5869563.92988,-112980.573132,1056321.73897,-21286.205158,183162.330071,-102383.835007,-41866.009417,-118379.112183,-1276.76773204,-95469.520914,-42189.7553728,5294.11537959,-33821.7770514,358.9904282,3601.41183682,-28.0969733819,-36.8684353677,-99.0457307732,-78.8453924073
-5056780.91514,86059.1613326,-647795.374113,74783.0524163,-87363.6056759,222692.290648,-26804.3241919,-12728.8246175,-97407.0356588,28892.3900254,-77376.2361597,44981.33014,-73927.8114555,27622.2279422,-28435.4833364,30925.5635485,-34.2404314561,-62.4154841265,-78.9339801486,-6.91018812638
-3968185.40766,-4632409.33953,-675336.503897,-874657.528537,-176613.867289,-43006.5941722,-127001.194146,-83585.2334003,-53617.3129285,15927.1082666,-51935.8187436,71016.5294178,-57823.81976,-27469.6962425,-46548.3283366,-7115.85150779,-30.9131615356,0.861228276894,130.229068625,32.240521349
1939829.52453,-2902418.73715,-365486.16256,39584.0807138,84167.8345952,31514.9603016,-111127.294359,-14638.0129619,-23006.4149987,61805.1587469,-61639.5638778,-3027.06515632,28962.9428698,-26742.5308529,-7453.60967685,-12048.1563473,-11.0584747839,-52.557257127,-125.999019131,24.5701343058
970900.386387,11077565.8048,196473.52851,1423265.99792,72653.7287886,150661.554697,30705.2461555,115340.593544,-32698.9575037,72520.0219362,6986.08986848,46690.573338,61851.6978497,43706.8280861,39369.9176883,34276.8458899,-23.0429951124,-77.7908849892,6.33532318883,-96.9815450504
750330.435815,1247529.79073,300246.918162,491022.525791,-7924.73431599,157351.843236,103592.131228,-52769.1861037,57372.1032531,9472.81785028,40330.2228932,-24404.491562,-39971.8683792,-16214.8640316,7911.26132587,18653.1114333,-65.7127502371,0.273138060448,-106.295050485,-9.65750640564
-3425094.40556,-3743213.66199,-894910.162695,-1050498.53979,-89585.3451401,-82193.9026003,-118501.606642,-66152.8192546,-35279.0509094,60300.6937834,-62050.5972498,84197.4338241,-58553.5581456,-15815.7132552,-50293.4763526,258.828529172,4.29196087742,-37.4871274737,89.301303528,72.1871675127
3746552.37351,-1551808.71117,-198733.296514,224570.818986,19743.1664735,134934.95863,-87503.8272989,-29704.5460897,-80243.7694838,58432.5904968,-59194.9475541,36792.7005358,47227.3281224,33008.1925712,5839.87698322,-9078.16044214,-34.5372992,-84.638513148,-23.1192706549,-60.1238093715
-1293571.88545,4054737.3866,-47735.4323068,530639.9973,-59441.2076513,162577.381923,-183853.420208,72537.240752,-54688.2963489,66888.90441,-64808.2425773,4487.61249378,-21439.0017445,11660.4746647,9125.31225449,5123.44790011,-12.0588502856,41.0993365983,-1.29783779589,12.6214592576
457441.161574,4748866.87035,-74623.9124496,1100405.66843,47144.5679821,64083.7254368,78786.0015803,72704.9783142,66045.9093721,86832.8510263,56240.8245567,53509.7803945,20849.4507347,11878.8102324,31909.1497364,47269.0243441,-30.2196244593,-54.4126194034,-64.3617051948,-37.1735488085
-771659.419938,-3711610.09362,117990.24941,-90446.059163,26578.256099,77193.723654,-555.748273877,39656.2000876,24093.4749747,75234.1713665,-3651.01814451,68911.1402507,-42597.2392431,-7700.3240574,-26621.7221069,4176.05638977,-6.44185924557,-63.8323734951,-57.1567716799,-19.2853485201
1258686.05284,-5262821.08874,297598.063339,-1069883.86634,155087.140932,-18747.1804933,-31803.080567,-102769.850238,10080.881524,-27438.1031852,-23152.4385008,5955.13562242,12551.6085538,35644.1282629,-12132.3764215,-29563.9690131,-24.4678782947,15.9535811593,-11.6166646271,46.1060418212
1355384.32676,4729411.43323,41644.5254074,756200.134807,-43517.5722074,173425.444916,-9850.23233496,45428.0966898,41286.1851652,27456.0656054,40248.7365842,-25713.4090497,46574.0393898,12757.9525368,44396.9867005,-9039.64687037,-17.8010061342,13.0283890237,-77.9834179971,-26.0605783255
-1558085.80602,940083.31683,82076.8392372,460018.537464,19062.1265561,-204974.469212,-39205.272382,-44650.1891087,62054.7103233,-15906.3993479,50508.2897956,-72817.4711873,-7011.7486803,-65537.9818313,25091.8234863,6275.29538049,-32.1194543686,2.00268215057,-42.6985246247,-20.0900392185
2497780.33148,3713822.99158,916622.226071,295784.063201,183119.371735,18324.0667893,69471.3482267,98894.3816135,65748.015992,79332.2282462,18450.3427009,81342.0781841,55872.8596994,12519.8908719,18705.5762692,34054.03064,-27.294876719,5.79786686768,-72.7110996863,21.7971044319
4543598.5134,-1244395.06421,386030.711655,-387000.969475,21892.5589928,140184.706524,-97245.4875343,3320.93124653,22159.2951765,44557.6921904,-47644.5395943,73005.4652403,-30185.2794527,60604.7330361,-20588.1835287,-2220.88854658,-36.3622286746,-2.45311186469,-51.3145271885,12.3824302829
-1845477.73832,-1592880.56122,-101238.441485,-506121.120524,-63879.5234134,1348.07706008,-16083.5876724,30130.529896,21592.9548253,-27039.6124894,86393.9324017,-2652.81382752,26560.8609322,38378.1784532,41893.5499238,-22967.8927667,-43.6464569604,-12.6058668489,-41.062995997,-9.77604960515
-1845477.73832,1592880.56122,-101238.441485,506121.120524,-63879.5234134,-1348.07706008,-16083.5876724,-30130.529896,21592.9548253,27039.6124894,86393.9324017,2652.81382752,26560.8609322,-38378.1784532,41893.5499238,22967.8927667,-43.6464569604,12.6058668489,-40.4834085488,9.76933038286
4543598.5134,1244395.06421,386030.711655,387000.969475,21892.5589928,-140184.706524,-97245.4875343,-3320.93124653,22159.2951765,-44557.6921904,-47644.5395943,-73005.4652403,-30185.2794527,-60604.7330361,-20588.1835287,2220.88854658,-36.3622286746,2.45311186469,-49.5767773256,-12.4428897397
2497780.33148,-3713822.99158,916622.226071,-295784.063201,183119.371735,-18324.0667893,69471.3482267,-98894.3816135,65748.015992,-79332.2282462,18450.3427009,-81342.0781841,55872.8596994,-12519.8908719,18705.5762692,-34054.03064,-27.294876719,-5.79786686768,-69.8182235876,-21.9649721427
-1558085.80602,-940083.31683,82076.8392372,-460018.537464,19062.1265561,204974.469212,-39205.272382,44650.1891087,62054.7103233,15906.3993479,50508.2897956,72817.4711873,-7011.7486803,65537.9818313,25091.8234863,-6275.29538049,-32.1194543686,-2.00268215057,-38.6555783687,19.7612395758
1355384.32676,-4729411.43323,41644.5254074,-756200.134807,-43517.5722074,-173425.444916,-9850.23233496,-45428.0966898,41286.1851652,-27456.0656054,40248.7365842,25713.4090497,46574.0393898,-12757.9525368,44396.9867005,9039.64687037,-17.8010061342,-13.0283890237,-72.797471238,25.5175393648
1258686.05284,5262821.08874,297598.063339,1069883.86634,155087.140932,18747.1804933,-31803.080567,102769.850238,10080.881524,27438.1031852,-23152.4385008,-5955.13562242,12551.6085538,-35644.1282629,-12132.3764215,29563.9690131,-24.4678782947,-15.9535811593,-5.29679175208,-46.9163395081
-771659.419938,3711610.09362,117990.24941,90446.059163,26578.256099,-77193.723654,-555.748273877,-39656.2000876,24093.4749747,-75234.1713665,-3651.01814451,-68911.1402507,-42597.2392431,7700.3240574,-26621.7221069,-4176.05638977,-6.44185924557,63.8323734951,-49.7140404578,18.1551320097
457441.161574,-4748866.87035,-74623.9124496,-1100405.66843,47144.5679821,-64083.7254368,78786.0015803,-72704.9783142,66045.9093721,-86832.8510263,56240.8245567,-53509.7803945,20849.4507347,-11878.8102324,31909.1497364,-47269.0243441,-30.2196244593,54.4126194034,-55.8091629312,35.6711835826
-1293571.88545,-4054737.3866,-47735.4323068,-530639.9973,-59441.2076513,-162577.381923,-183853.420208,-72537.240752,-54688.2963489,-66888.90441,-64808.2425773,-4487.61249378,-21439.0017445,-11660.4746647,9125.31225449,-5123.44790011,-12.0588502856,-41.0993365983,8.34950498989,-14.5477025176
3746552.37351,1551808.71117,-198733.296514,-224570.818986,19743.1664735,-134934.95863,-87503.8272989,29704.5460897,-80243.7694838,-58432.5904968,-59194.9475541,-36792.7005358,47227.3281224,-33008.1925712,5839.87698322,9078.16044214,-34.5372992,84.638513148,-12.3940822997,57.722529088
-3425094.40556,3743213.66199,-894910.162695,1050498.53979,-89585.3451401,82193.9026003,-118501.606642,66152.8192546,-35279.0509094,-60300.6937834,-62050.5972498,-84197.4338241,-58553.5581456,15815.7132552,-50293.4763526,-258.828529172,4.29196087742,37.4871274737,101.085459282,-75.1140044215
750330.435815,-1247529.79073,300246.918162,-491022.525791,-7924.73431599,-157351.843236,103592.131228,52769.1861037,57372.1032531,-9472.81785028,40330.2228932,24404.491562,-39971.8683792,16214.8640316,7911.26132587,-18653.1114333,-65.7127502371,-0.273138060448,-93.4727050958,6.15530093383
970900.386387,-11077565.8048,196473.52851,-1423265.99792,72653.7287886,-150661.554697,30705.2461555,-115340.593544,-32698.9575037,-72520.0219362,6986.08986848,-46690.573338,61851.6978497,-43706.8280861,39369.9176883,-34276.8458899,-23.0429951124,77.7908849892,20.173206862,92.8549341528
1939829.52453,2902418.73715,-365486.16256,-39584.0807138,84167.8345952,-31514.9603016,-111127.294359,14638.0129619,-23006.4149987,-61805.1587469,-61639.5638778,3027.06515632,28962.9428698,26742.5308529,-7453.60967685,12048.1563473,-11.0584747839,52.557257127,-111.170093761,-29.3693459542
-3968185.40766,4632409.33953,-675336.503897,874657.528537,-176613.867289,43006.5941722,-127001.194146,83585.2334003,-53617.3129285,-15927.1082666,-51935.8187436,-71016.5294178,-57823.81976,27469.6962425,-46548.3283366,7115.85150779,-30.9131615356,-0.861228276894,146.022724542,-37.7596221017
-5056780.91514,-86059.1613326,-647795.374113,-74783.0524163,-87363.6056759,-222692.290648,-26804.3241919,12728.8246175,-97407.0356588,-28892.3900254,-77376.2361597,-44981.33014,-73927.8114555,-27622.2279422,-28435.4833364,-30925.5635485,-34.2404314561,62.4154841265,-62.2036864568,0.624881211399
2319684.6675,-5869563.92988,-112980.573132,-1056321.73897,-21286.205158,-183162.330071,-102383.835007,41866.009417,-118379.112183,1276.76773204,-95469.520914,42189.7553728,5294.11537959,33821.7770514,358.9904282,-3601.41183682,-28.0969733819,36.8684353677,-81.4086385145,71.7485967034
1411062.268,-1226824.41372,-372798.44073,-302497.264473,-23345.6393715,-6795.40632239,-75974.8912925,-10382.4256642,-81235.9363729,-3272.66905523,-74001.2302721,-11508.8171964,2018.27330176,39138.4926235,-9781.66195678,3733.82327958,22.7597086612,62.9020846006,-35.9360437036,89.4224386916
-7705427.40679,-1906998.07545,-1083931.81088,-216918.213911,-253048.55273,-205863.022336,-82406.9753608,-76124.9914703,-61304.3004624,-52599.860264,-26846.1855784,-82827.0720095,-34411.0431681,-10748.8357588,-21198.2332907,-17776.0169366,-51.1558734728,-25.3183707105,-13.4821790391,180.385602461
1404330.08682,582702.320726,-690302.01332,70572.532076,-24230.0046596,-279722.492055,-21216.5385018,148036.044541,-26308.4022576,29748.9234612,13302.3553786,18476.4750559,-30845.8907597,18131.3303776,-18973.9652787,1655.20680311,-32.4648251657,4.32713248274,3.15579976014,99.2410596653
799228.208902,-3908785.63875,370923.799532,333226.667706,88792.6325319,6557.3452767,59378.2221289,34332.3384222,-51350.0063918,14024.1495185,1740.87304775,3994.35275199,-332.461974654,41783.1741801,10605.4167256,-13213.4117489,25.5412580317,-44.9654751261,80.9559808042,-33.8706514283
-973866.828355,-1465070.55977,-4986.82421047,-980172.379795,-171487.773473,-17063.8468159,-90472.6186133,-36391.7588589,-52209.0977211,-53892.9147003,-16683.3108086,-35164.3286513,-15425.0275104,19199.1603106,2860.30661613,-21178.0374745,-92.8935671933,42.8271613675,49.7307247367,111.798401652
-3247462.96775,-3099493.71496,-866054.958498,-285772.088318,-58606.1375252,-160611.419721,-64899.8426313,-11626.9336984,-80324.0150953,-11333.6210301,-54733.4732541,-52958.8352371,11763.6843069,-5064.66372638,-16335.7635969,-19.4096181826,-65.3986534517,80.4830563265,-46.9301328279,-118.29669079
-1197091.24844,4289383.67296,-187170.39122,692505.2352,81676.7721889,-59366.4956383,63407.6656729,146036.931409,-25841.5780235,109543.624342,-24814.3509871,41747.0659529,-3913.06679206,5271.8386032,-14455.7177528,15054.803195,54.698673529,-70.015531101,35.7668863195,-233.440634678
-3445962.47258,3683942.07098,-311969.153654,670154.310162,17342.8072645,59860.1172864,37119.0612951,252324.927768,-74373.5503307,124703.605903,-48074.0705432,89542.8692091,-36029.9013302,113044.730227,-26936.2093873,42190.4663103,-53.9853590619,-25.2779157199,-99.3198485709,-57.353303088
-296574.146494,1855532.94885,276172.318703,-254132.939942,-42765.8629681,-84650.8744931,28368.4548406,-64472.4316513,56229.5409714,-19278.7679094,57159.853051,-28183.1531555,-15124.4311889,926.363512332,13827.8279526,-28317.5500062,-104.705761952,-37.1281246099,2.73233969076,18.8354367206
-28268.7965107,-8892825.38956,-54909.3287223,-894848.726474,-91095.3350018,-264065.06636,-249.568800519,-211546.179946,16888.3285725,-50348.1768677,44398.037316,-74177.6814599,27519.1408293,-41476.7208432,38393.2899335,-49098.9927977,-13.9679399075,-72.1878257954,153.924249079,-0.8024643098
1190908.94428,5031279.13921,-341101.917149,354771.433954,109751.244562,-50656.5300059,51809.5727003,91375.6218838,22572.1401622,84977.4508297,470.783418688,49974.8234597,33234.3605639,36428.7368289,14813.4131076,34020.888229,28.1847608624,60.3531746228,-0.937018700068,-23.4365671237
189978.003806,3803742.27029,-474360.962403,598344.621344,119385.134177,-41340.7613857,98346.4956999,53226.8192563,-42118.6089187,-16421.8465417,6023.63423919,-1290.21954541,-15303.8149151,10668.7371282,-27593.8863662,9241.15220049,125.653303539,67.6869983146,-62.4763315911,5.38430535161
-293689.404011,1434427.48218,-284568.575679,357994.854644,-23416.1644667,104258.014884,25168.3190531,192510.025222,58524.8244027,70310.2714899,62082.7051704,37014.296298,-8986.96875352,79651.330363,-18799.1473154,9125.16776379,-36.9261607842,162.285528532,11.2244251447,26.4611389022
2386398.37239,-6693156.29587,853547.644695,-1038351.39325,8185.88774873,-194288.015765,108040.000522,-138157.838657,29623.4161489,-30102.771933,64804.0110869,8521.98420657,45944.3592407,-10905.9071167,46522.8475995,-17158.1691767,-125.303439547,28.1896588949,-52.3123431285,17.3538006922
3643057.17676,400811.657993,442445.727484,-193555.245907,21834.5442147,-68387.9246589,59353.8157696,-55021.7656681,9681.27284294,41700.2849554,-8079.02995288,-1432.98721975,38636.7147361,767.304619739,31252.592377,13572.0900674,-166.676339702,-85.6790696694,7.55535666049,43.5844679261
-3869522.24077,5970334.91566,-672983.729885,1548715.10805,116813.172721,15058.5314262,-23216.8415234,87271.1212157,38965.5049333,30199.7216721,-33049.4728172,-14497.2386594,-34256.1596891,26340.9192046,-36259.528318,20427.0931176,76.7328369805,-65.8741895503,59.3601499448,-75.7180232506
-929835.343693,6729510.33143,-52823.4758256,592049.475803,-27403.8769755,28743.6108798,58860.6837565,55609.6493327,36859.0503718,36688.1347776,53794.6314187,47658.5582857,3979.43868776,5117.36493425,-11141.3161355,-18760.9646565,34.1720956277,-133.746635085,193.322117725,-54.8076897701
3779469.19063,-5665169.70833,546565.602611,-509319.984942,-18351.4374541,-128260.819281,93155.3815891,51538.4411285,-1036.69068378,-28664.9652348,13580.9575278,46159.8295446,26228.0344466,25156.7944295,20779.5894647,-18673.6885297,-38.9387576031,90.6157227906,-13.451891217,-25.2819990718
7753919.68481,1447343.84754,1253645.58148,-29519.7496272,302519.39995,-65110.3675067,194794.905272,-99203.2781095,82471.9860051,2851.61141732,72901.6954594,7232.32755521,61451.6970071,-9883.5003781,42387.7504738,5338.34901769,44.1929288444,-66.9228276695,-19.1134103864,-13.6737044833
28390.6537988,-1128020.32692,-544229.03237,150716.24996,-94353.2544702,-197563.890737,17545.0600833,-138022.919212,-29268.1237162,-95620.306579,-24898.6221569,-125099.343085,-12699.961507,-27147.3124667,-21563.4671725,-11160.4335388,11.2279818374,18.4051319225,128.593112277,-51.3833556426
-5907931.44792,1519419.42281,-1017986.69423,234287.084332,-2639.37703095,-93368.0016715,-74685.3512982,74646.813908,37870.7714508,36388.8220553,-7065.63499773,-21748.6300773,-45319.9667485,7807.16170323,-65242.2696133,-14883.2483683,-24.7766789276,101.301840829,70.979771462,-14.3469056333
4564252.07963,-3505095.55543,1031986.59789,-74380.8749713,140913.151144,-126454.553603,125983.765646,-4697.66956796,91836.2750632,59540.7453315,73668.8370322,81648.4691974,63041.7307227,-5480.06926038,31668.7824087,-17332.5742736,105.692003811,-22.880783258,-51.4059984892,51.4347477012
5709503.43058,-730188.940898,1352299.32022,-318085.829205,135214.610568,21460.7864204,167312.874279,16624.4830921,32816.2769199,-23376.4895755,8606.87336467,21216.5223828,69797.0377528,46676.9563452,36652.2011904,15093.1062431,-55.8363640816,17.6146035009,-111.001272827,-9.22253515747
-1408710.75419,-581852.601017,-159489.933708,-126978.270862,-10367.8993061,-9669.38621968,15657.7565242,-156466.079267,-5444.27242107,-84896.6089581,-23398.4775868,-78390.2986816,-34617.0854838,-31233.0945181,-7933.59251652,-6239.71463344,74.0664647137,-95.5747168639,-64.116079295,-59.6413075641
-2318041.76675,722817.064448,-294909.686965,604259.143973,-15654.061848,-154499.026397,1448.2657185,12738.7670922,-1555.82872423,24135.9237757,-9048.07196,-21602.5583483,-42691.609454,-66191.5760302,-37498.3568497,-35463.9298033,-7.92550257093,-153.635327359,-9.73785840992,-174.364203047
31123.9421299,-4230373.7212,393585.339415,-39882.2391903,212597.66193,-235582.477278,-10447.7606301,-37278.4706058,14425.0769481,-14316.3257595,-48077.7331215,-7394.96960906,5159.98517778,-3712.40232963,-13887.5931285,-25080.2356434,-2.86940670893,-202.064749275,-228.236791174,-99.8862774575
7469764.94918,3089185.67818,1775624.96231,450778.424688,236110.889357,5873.47739976,113083.907021,-51352.4452164,98386.0912993,11452.177651,54825.7339411,22652.0940768,73695.1318525,13797.753252,39609.8494056,-9153.89573647,-257.874437995,-144.739982524,-137.855391258,-165.27803707
3141714.23826,-5744784.20555,985448.568911,-334398.719723,-98590.7045106,-35150.8707095,90839.1653246,-70347.4769028,44858.1895648,-21378.8892254,12129.9569096,-22009.0596954,-8512.25335075,-7850.41660304,-296.050169748,-4880.26550795,-204.383052217,20.5594855118,-181.925414263,39.805951962
-2337202.49745,-1841826.1496,-147875.988558,-575798.195679,129838.663143,-272895.724323,60832.6430917,-63829.553628,49886.7430495,-44365.320752,68655.2665499,-15549.3279943,-20048.7765617,-56106.1932366,-6633.75751441,-15703.3758376,57.4004165458,-122.499900062,-8.07768247927,86.4346374335
2300295.23245,2781699.58565,136954.04445,406550.990382,170447.826772,-28988.6409104,6548.68020271,137093.363277,49799.224838,32643.146025,66059.3565784,24705.9101318,12633.7074611,48234.0491366,5741.74393157,7745.22156056,-113.456806489,-31.9426126168,-157.051321613,-190.643740361
-290538.039477,-231903.959841,494704.825412,114285.724183,118276.611373,31742.2924243,29870.2278013,6952.39437364,31450.2041534,-20335.3285687,-8661.20285969,-25873.3225746,-4911.34638456,21513.5694165,2180.42270188,-5623.13044669,8.51410519712,96.2362925039,-136.670141183,-112.626090568
932786.427863,-7000997.06893,1136447.13318,-830865.583528,63827.227211,-235716.173302,130416.991233,-204410.601584,54480.2412192,-89007.0381591,17510.74859,-97436.707172,30194.9532065,-106772.451833,30186.5452627,-59817.2330237,-6.68705488364,-6.90159727426,-123.844838969,-20.1252202678
-156013.527386,-3023992.30615,108949.800845,-1008272.53581,21781.4837307,-207933.945772,47529.760517,-103497.252157,56664.4362114,-10637.8641656,38464.351619,-36113.0736539,20569.394023,-57775.0374722,12090.1266668,-14969.2549524,-27.1087369439,36.7563985164,40.4171516232,107.827582718
-4470535.46627,1534733.70043,-570637.961814,607110.411404,53195.5230238,153497.121298,-157883.54857,25797.763691,-18871.2035606,32816.4425225,-12296.0007488,49762.2123991,-46701.1379296,71768.5575144,-44312.5769672,29820.5303032,-87.1292512983,-116.427142092,31.761701215,-16.192647485
-5283651.07982,2470134.17494,133257.656468,228609.519862,-21741.9730373,-29743.1552932,-35146.1666771,42893.6343968,37331.031096,-10862.2198449,28111.4713723,8022.14422671,-41423.8438165,-12285.7296694,-3607.8342758,-27508.4730262,-17.3849376195,-98.1858807941,-24.6346708097,-33.0146799649
2013689.04645,-2904821.67315,1022240.48008,-573500.256233,136049.399733,-149977.085057,227011.669606,-61823.8352207,95394.9671493,-59778.37902,108849.100321,-5738.78296915,64425.366443,-65546.5771737,66458.6122393,-17705.4411337,8.88155707292,-75.5794120483,62.6063937474,84.1335469799
9474883.05401,-401753.056819,1809331.84519,104844.497662,334872.896485,-48466.0075804,183011.563398,27087.6386849,163138.485996,-32634.3450835,142354.03614,4418.21191566,80644.9402177,-43114.3744699,51141.7016784,14938.2060954,-135.010449023,-71.7725400908,-18.6723141799,-126.057626903
-3707643.62266,1982045.03737,-524855.654548,-392740.012178,6903.6415118,-49542.9182189,-25307.0299108,45545.53194,-35003.3113424,-45852.0080781,-21768.0871406,-42314.9855275,-30529.6907417,35380.9582949,-47006.7758158,1004.28157438,41.976726926,18.8835439053,90.6009286927,-104.894907648
-5058267.07551,1233202.64443,-1154576.82549,-14145.6782081,-167629.01123,66683.5420363,-78775.7197653,-6450.06457785,-26166.5487849,601.063086768,42951.7934673,-41517.6227377,-22224.0464338,3468.29659,-9254.30175759,-27476.2467317,-59.2751163456,-12.550072788,68.7062918808,-163.906602414
-2858596.77523,-3825887.5088,-30501.9088939,-691697.359262,-26334.1550959,-162720.514926,42984.7239068,-69384.0507156,-18933.983032,-7116.55108723,54681.7974716,-26197.1361643,36229.528783,-78329.7804017,37712.5213474,-25267.3665955,29.5835276099,-65.3646277674,-5.4939340735,-47.4491994312
7259942.17272,1266285.59209,1482249.26734,-293681.603193,166807.807751,66990.9309044,170120.774831,39803.8996491,84974.6936107,-57150.3642468,49981.1225149,40864.3318913,61861.8809862,10419.1957862,39905.9364945,33796.7812909,5.01789380003,66.1743612355,-34.6387409085,-31.971193466
-912452.998473,1385110.17403,-199839.018421,332348.846432,45766.0215696,163921.040334,-106196.427506,-58625.1391185,-1569.20358197,-75121.917288,-57790.3673059,-89123.515083,-25814.0018282,-32518.7290012,-29543.0110578,-5319.69069102,-48.2996953673,15.93713845,-46.0291716154,-149.516237401
-7905706.39727,1436331.52039,-1785483.81953,118734.10086,-111511.732081,26107.659712,-123950.243198,33416.1828876,6233.86716115,15007.5111734,38236.0608048,-21320.6762793,-61956.1456978,-15503.2737941,-27835.6290828,-29512.9750389,-47.9775928396,-53.663599617,38.9761748538,-165.293906031
2425817.69969,-1522519.24587,312833.966022,-110776.185179,98114.8923524,21427.7585436,171715.438453,18124.1949138,15376.9754199,4138.0815202,119489.917164,38940.2229323,83676.3692207,-3125.57974129,62091.7803753,8400.0418664,-59.698839431,-42.1160510655,44.5931982042,-97.1481546989
4683859.99674,-243227.286833,751392.101321,-319397.228579,-78408.7251687,-33688.145246,13375.2079546,48079.4744563,-31184.2245741,-86687.1295794,-40331.0338933,-54571.8072437,19670.6249092,-54521.0157596,15674.4593708,4414.26675606,-70.8831153656,50.2738412249,-8.50231954607,-43.3671650633
2735552.80705,3866456.18159,576623.791577,520499.500128,70567.7208913,88587.5065197,64231.9625543,-64927.6827948,25440.7891148,-36943.3592935,-44867.408533,-38947.0754636,12037.8217096,-2158.02095525,-17242.2762915,32392.6195752,-54.4333706014,-25.6803047334,-84.0183062609,-38.0810798629
-1358308.73468,-2604733.4028,-562189.105595,-658348.559216,9709.67015049,108455.59761,38067.5173688,-50404.5143841,42473.1346923,-18176.9278615,5916.72297895,-28177.2299621,-22277.8169483,-46225.7272455,-12320.9055761,-28995.3239962,3.51314287594,40.9093068906,-53.4461433238,-63.4308639182
-5280904.80423,-329436.915611,-1677560.99938,-529855.379429,-91646.4105389,-9362.01225107,-109398.78426,-70484.1019079,-84445.1856523,35465.130732,-3911.81599018,33889.7605959,-1423.95779768,-23255.9986687,3424.95331784,-2577.8775536,-40.674944659,-50.6256602314,-12.0543135562,-97.0454886954
7807626.69423,2638694.35074,727158.686775,919658.501159,125383.301961,247410.443786,81577.4819153,115289.750039,21682.9391903,19288.3390877,-3748.98253412,69014.1739852,87503.4325857,34548.7734702,23999.5891636,59340.6643334,-39.5736223729,5.05770820599,-63.8588722942,-36.931983246
-6053506.53025,-2755060.93876,-458153.484338,12881.4628745,-330728.314432,-6353.59760834,-192283.523621,-150042.909849,-151773.892062,-83288.5585943,-189541.676323,-130499.533452,-106063.460163,-27769.7122682,-72173.0427482,-19834.3112629,-40.0556951349,-16.5987610144,-65.2393382492,-52.198133917
-2244773.76198,-757742.951644,-837002.486717,143489.464938,-154537.794989,49561.2873269,81341.9569667,-53458.6494245,-569.073385274,-34771.9794503,-53985.125242,-61610.4212847,-20149.1609286,-45156.9304843,-3862.05487501,-25834.8393711,-53.5658599742,-20.3974738388,-38.8574791401,-64.0981244034
-1846439.14319,-2944419.38858,-856554.715998,-261004.760034,-20320.5923641,-16157.2713486,-110748.041922,8838.78267399,-86544.8459465,34560.6978452,-60218.8218497,38801.1660885,-3905.92141922,-39135.7071209,-3079.7287524,15007.8804587,-55.3826983278,8.99155400971,-10.1046159268,-40.7712064165
18680.2848774,1879217.67317,3611.82101565,168886.714399,13117.6464453,255210.589968,-59540.513867,89476.6383017,-18859.857135,65001.7009065,-24725.0460256,88324.2417372,48320.8671506,40931.0687698,-11186.3152214,27276.4199412,-44.9005796853,-12.6639461842,-38.9802260013,-33.2054113961
654309.58736,5697401.82769,488472.066497,1033240.53116,-121388.263431,270625.956788,19699.2136535,6836.44695158,-35923.9696036,45772.1341147,-20744.8106609,52936.3814699,13850.4864581,11718.0294144,-6656.8090558,9142.13092803,-35.2364404762,-10.6142656702,-43.1839479097,-82.02504306
2728595.6523,-326803.255333,-64758.6013822,170394.510831,-102654.284524,-7403.7811871,169443.351231,-73257.6022052,27820.6890944,21275.4495548,-28830.2890509,-46858.8541757,-40925.8963277,-37709.8494382,5054.10747584,-19836.8220854,-55.2497632959,64.3733864428,8.38460014797,-56.7353478009
-2315389.60923,-2958318.33189,-541349.457515,-607317.881117,-35014.8629345,-19293.5474132,-117467.059379,-81052.4442402,-97966.4501982,-38599.5689099,-127566.726158,-27526.9183453,-14507.2666552,-14743.0105944,-19664.6837358,11620.4349127,-24.0588247047,-18.0586864693,3.96709614351,-102.465763734
-5267300.57616,3066102.47427,-1652716.0561,111387.698859,-247986.779269,129515.953407,-245651.761275,65962.7103338,-106722.074963,53069.689512,-138493.323435,53936.025435,-40959.0677685,32010.3466803,-70570.1525219,18384.1642034,-61.8784791056,49.8541383304,-11.2724296325,32.6498483284
-2645078.18623,-777176.016935,171857.911645,288306.571152,-172898.00067,58752.4620102,-59508.0036135,-110130.888133,-35591.9620249,-14740.3223075,-8803.00525022,11235.8191105,-7200.5316662,-26652.2227557,-1167.62690709,-21273.8563064,-19.6865836662,-30.057154189,4.59056533261,-68.6841541789
5501427.32841,3078181.84085,799029.023764,1473083.73303,135785.779013,139871.138023,233916.263422,65037.056199,47406.3202872,96352.9381995,68758.9588615,68948.335801,68532.917535,-7170.25538782,76252.9261924,22546.569475,-2.93870044966,92.3019952186,79.7647509755,-6.82146172726
-4895649.82273,605643.993902,-844565.843521,117536.17434,-293374.453301,143376.314424,-156299.947358,37220.411951,-125995.522396,61873.3687818,-63629.195071,59856.6428011,-70231.4750308,62005.634344,-34199.7726105,53904.4397354,-49.7851708102,-4.3092926978,-156.453041756,-27.6384003979
-4880579.41602,-645203.580901,-1252604.9425,-285845.045383,-280452.57152,119636.246676,-242115.304085,-38599.4353712,-51705.3478643,17038.6632507,-76135.6209069,28113.6431857,-72239.3771076,2804.44523291,-67399.091543,-2655.13325991,-47.3273326341,8.38147638804,-135.530905902,6.55729272205
-3707067.74316,-2534499.88688,-12647.0589948,-146866.410125,13176.5082176,-92864.2784766,-48816.4369066,-65622.5191758,52304.8792015,-20233.1847008,60692.19418,-30028.2346934,39226.9298351,-39742.6837223,27115.4718387,-46725.0174286,-30.2258000064,37.4894870837,-46.8835858588,-51.2720875814
8611385.98605,5943970.20839,1086559.41174,537452.78805,42753.430261,115626.748451,264807.385417,77891.0227256,96866.1823795,74101.1340098,111748.014406,77290.0167371,106890.540468,11810.311881,96145.6857331,28463.9625152,-29.4330509934,1.12820940509,-88.5526054057,-97.4318447051
-1725109.6208,5846450.83894,300149.503734,1569389.9205,60996.0583476,470001.205052,-68970.6864378,207324.624492,-67963.4215303,121854.430598,-81816.9289623,127193.662203,-86676.6923278,92920.369442,-56277.79966,93240.4011156,-85.4155060408,-9.12786637751,-20.1715304634,-192.517371829
-2368299.89052,-487962.614665,-713243.174948,-582133.554153,-427173.246063,-1370.24667842,-170667.868481,-34572.9373196,-24872.5764503,29781.1060129,-30701.6667556,5831.96109364,-124941.181527,-2991.84915117,-68852.5186527,-8248.4686779,79.7748606088,-161.164219461,-93.0716200172,32.3689797807
-1508978.63001,-7573878.43871,-460993.511432,-1297320.03461,-90653.2066928,-107059.187704,-126512.828719,-287432.365019,-18687.671502,-54621.1337797,53495.9157837,-38997.2899796,32507.5640639,-70299.9576103,24497.4698417,-65962.9748477,18.0210497527,-93.7529439928,-86.6313968434,21.2398562054
4348223.27915,5611970.8205,1046757.20096,1040519.86007,188454.211135,14949.5340005,86554.5044505,68361.2279215,74948.7058682,35370.7065422,54804.1793886,53026.1810332,94591.8070803,25310.3717208,73898.096657,67784.2075169,21.7178914875,45.9394336093,123.538168152,-97.5551076027
-549341.45495,5016766.58223,573993.721323,1349581.28377,-104219.02391,331817.278663,-80882.36972,175670.283394,9797.33938777,76597.0107517,900.754154418,54888.154279,-47136.4705234,95643.5509984,-22342.3370413,89292.6340469,-130.978086609,-172.295796055,-17.6173664796,62.4767803553
-4168906.57377,1167624.89711,-1006713.16284,169672.725692,-270117.545752,124121.328471,-208278.011869,-63180.5464067,-51864.8408939,23724.2517905,-13978.5835935,-50201.0258729,-116550.151403,-26946.956283,-80698.3439151,-30741.8964222,102.58403727,24.0653187061,126.258395977,121.5833568
772510.216215,-5277525.8992,-71507.1262275,-851784.455105,-158667.521852,-44252.6393862,-56616.304839,-100755.619617,-22068.9746977,-22693.8515333,52222.2627774,-20413.9127303,18385.6692598,-18039.964398,15286.6077938,-54550.8931294,200.94278112,-36.2375406177,107.637627949,-70.0640178744
5426078.41859,4021434.76493,808310.501355,171269.330848,58225.4284854,214584.057916,75914.5600119,53199.9455019,18361.8974787,42323.0959422,55353.3062967,71418.3596183,66490.4018666,52424.5677929,66502.3442541,49173.6701855,-12.4126266271,-21.8486946175,-165.179688902,-93.7672327456
-5145888.55078,7837074.11818,92617.4068292,1372664.05798,-48024.8713986,111740.976394,-86058.1443749,134540.703623,-63129.9821969,58550.2837087,-79685.0049242,34223.8300666,-42316.5512503,23026.8205274,-41097.064226,73510.773694,172.083289708,61.6023021128,-24.763140117,-123.020303229
2865297.25709,2854482.01173,-32497.0744056,610823.340668,-224323.653668,221978.204714,-57250.0491808,48613.8913268,61714.6232485,66443.9270167,18426.7246751,9704.08712689,-82578.661381,20840.6081486,-57981.525231,28414.8484698,3.1894660236,-238.189622928,46.322851886,-13.4443006501
-440776.130504,-8657394.18828,204148.406105,-1468104.43264,-17047.1022655,-114008.915079,-100296.986837,-194116.706049,-57607.2709595,-32100.6965856,-49436.6128286,-80219.3841601,-45599.3835854,-27650.9619625,-13733.4551913,-46468.6522245,-89.7711281417,-74.3789432957,-97.2548560467,-402.517803373
2266554.31513,-1082255.53361,381250.669696,-1134645.19894,-150008.937954,-74940.3553514,-45308.7008538,12510.0897739,-23694.4416991,-46052.5687435,-13833.9193578,-10606.1946955,43348.7888703,26757.751677,36448.5411587,-1797.46196566,-69.5950664099,-190.142301678,-285.074989785,-41.3210070239
-992900.966304,2057063.37511,360226.894038,974360.803313,13943.0676595,123016.447857,-142153.781828,61644.4837344,-23403.2814364,-4528.04905352,-41484.0790703,-4023.82597935,-32241.2644857,51036.1483925,-14518.9905696,52378.7592192,-72.6380564163,-224.562525316,-196.838362072,-114.824556617
-1377742.58438,-1932169.15408,-159216.958752,-60030.777296,-273186.489818,-78172.5429231,-135324.200348,-66203.5595773,-11605.0578192,-50006.6196748,-79190.6811626,-56874.9497641,-76064.2932714,-28716.3565972,-42132.7981911,-26094.1775037,20.1557881781,-164.471805952,-387.623374404,109.986505039
574938.816318,-4818617.54568,-561640.486507,-748805.564001,-192253.424774,-108312.738682,-80297.8043787,-11396.0525577,-73013.2722687,-11570.0879575,-31723.7540161,-11910.0272588,-32957.2057208,9794.72545987,-23486.3691607,-11924.5174918,-84.2758451369,-123.988013107,-24.3570938274,88.1694600829
2231995.68357,931923.85952,442583.971247,-745479.015989,77865.5764222,208109.076372,2355.93120674,35738.9012927,59029.1726435,51435.6077559,-1833.81494699,40958.1445729,33851.3467853,54317.2847925,4535.37811071,21867.5550299,-157.166717392,-224.107289033,2.32784082743,-385.387450071
-2656400.31629,-874591.960928,218623.129019,-138503.405715,-108972.36367,70743.6097252,-145861.442439,-21003.7718053,-47857.0227554,-29713.7785268,-36558.5285832,-58710.7119729,-14380.5737543,-7001.78019019,-5422.13232676,-19738.7011348,-113.300330621,-22.0500847867,155.366086753,-132.107681046
-1220217.43388,4985011.40312,-147864.170216,1230425.90759,-179197.419229,62818.6024513,-138549.902747,147974.941923,-4445.53203152,16800.3647957,-91877.600077,-6147.68007727,-77678.4328677,21192.5655604,-24106.8350144,10203.123129,84.6339433109,-350.768481905,152.273499474,-366.380452524
-463091.0585,-1224684.21802,-108744.888951,-149460.622705,-87156.9370997,-61550.5733588,-78612.183972,19273.1540906,-58227.4532362,-20480.8492475,-122406.741415,-21873.5721032,-67918.4946583,-26047.8127805,-35109.431327,-3533.68861518,-88.0049731042,84.9265421552,99.5819083719,-284.92656759
1316839.94161,-1483283.18002,225429.324587,-1038951.44491,1130.4095144,-49040.9435236,23177.9796419,43113.9129307,25317.9744949,-31062.9997402,-7277.93444032,15110.8069033,-6670.43316989,66343.9441821,-17160.260152,-903.32822848,114.120317021,-190.782100821,147.271058208,-198.037284406
-917638.832032,-5702707.91528,40311.7647069,-1367727.42606,-6355.24673821,-101377.182048,-716.878110275,-173608.250373,-22124.3958395,-67216.8249191,18526.5826481,-26998.5993582,6825.67372145,-35145.1403084,-2630.34608736,-60327.3763896,208.301663485,442.726566843,-138.981381453,81.0195918968
1485777.99816,1413989.24987,-161059.495999,383287.007563,-38224.4967447,27961.5873006,2948.07338865,830.824853399,-4130.13018594,14114.0806615,15677.8752795,-18475.6361543,20380.3355138,-10061.1140521,27234.2225731,-14299.5840727,-85.5434931834,50.4285999146,229.874693895,-186.523391447
-3937574.09687,5732085.96892,-888706.635215,1194573.65899,-168862.777378,93888.7631555,-147954.222088,201090.841768,-47659.0489793,33786.7826306,-88160.2145228,50148.8765275,-62128.948359,89485.8512504,-20259.5583564,55005.5108281,65.4276057921,-112.456152081,382.993712695,-256.858755799
-1743579.38336,-3643875.84546,-497412.389486,-1663698.72586,-210021.156746,-176191.599647,-58433.366753,-131450.378078,17133.0824861,-59093.4833163,-25863.2205918,-51463.1962939,-72758.2261475,-23843.234008,-47656.9144353,-36598.269026,-152.109477234,-270.628263903,-555.136075043,322.636452265
1441375.22544,-8988481.86537,-20555.1323424,-1211281.02731,-79346.0477969,-164773.070939,-29352.4611313,-127527.442673,-17278.4136702,-105147.736327,23643.0518171,-87882.1583183,8784.20636067,-56369.3869373,-3959.99907663,-71130.4474832,286.905614524,-44.8585374456,143.440507628,-147.525390375
4069065.52404,3388220.79353,674193.563222,228109.34975,281276.970963,58304.8756318,98598.5718187,66509.1465634,78673.6421136,-10373.5984104,126385.019562,49450.5736827,110087.804037,-6424.06036228,73162.3440095,-3267.30473182,4.09530638463,-121.704505312,61.4724009335,-158.966646133
-3776468.74814,9479554.00804,-948926.155644,1148708.5096,-198037.912118,187822.388958,-109303.184999,188597.092671,-139003.614931,56377.3722841,-77621.6138532,90479.9365328,-82718.3648085,106786.060715,-42409.5371615,61682.0980982,102.360348767,-253.043984218,-526.735685262,-259.075416139
-7573964.69051,-907729.997592,-1164276.69874,210697.792028,-338534.532488,-51245.1649922,-141996.351492,75318.8281811,-93285.750065,-4778.71538773,-139620.759997,-34446.5038029,-165351.157572,-8226.49221882,-86097.3635814,-5033.37844085,18.6153833875,-306.551881539,-151.251922363,-151.296925213
6237654.77723,-11479954.2917,926547.389574,-2224197.66026,77763.1854274,-421532.405646,84736.2901096,-224847.874612,39787.2160193,-126693.270413,52578.2857555,-118999.977832,29865.9335294,-137168.491557,20564.1719517,-98052.1599459,-313.264879176,62.8383207076,-207.681767943,-212.904831182
8141405.05655,-2598738.5066,977271.66893,-793096.650647,198024.512688,-121394.70435,173777.220736,-35731.3635656,87937.4898541,-53149.4126263,130533.235404,27201.7919106,132677.151883,18854.1159017,60336.9559555,-2331.63602768,-600.805151682,-490.375371741,-682.459324278,-384.290834198
-5499633.04932,7780492.39434,-1347467.69503,1373397.8705,-87701.7100426,313072.665845,-144810.79538,160145.19406,-64127.0419009,28768.2221745,-7306.43673911,53982.6554034,-52635.8530083,89127.2006245,-37489.2561374,60311.3079482,-192.027591278,25.4837673494,436.813823647,284.329782319
-5066768.35072,-789954.532602,-1470254.51976,516954.417741,-331127.970765,-114459.05975,-106526.225304,-22546.2852825,-59227.2650725,-34740.8483948,-23575.1476455,-74836.3022316,-104912.305235,-45527.8825166,-55772.8161157,-39159.7654728,221.313093462,-175.065795785,658.370070885,10.1481842836
-3171246.01404,-7754640.46877,-626870.0007,-1157057.81473,-158074.945806,-141017.226643,43822.9206419,-79209.5803233,-142251.450185,-51509.9900305,-39347.3284648,-88250.589319,-13603.2089096,-61118.6237701,-6704.10243286,-57980.2577441,253.12173328,461.388926156,474.977101484,-576.508674854
9360412.77636,1020706.72951,873218.47615,-562219.488026,71593.1181739,-75480.9349132,90926.9484249,-53962.3249018,27142.0619268,-2108.67107593,68426.9595921,23167.8245855,80497.4263082,-27186.8661303,50721.1073951,16419.8056478,-122.517455921,-197.630742219,184.697402913,-193.038380886
-4133205.17591,5138723.78238,-230165.257334,773506.346985,-34363.1005114,204420.07652,-102423.421191,46905.4191278,-30387.8898428,-4622.08188407,-45939.7885132,49620.2205861,-13824.6619387,54884.1866566,-36764.5865776,38629.7935881,-71.1099072264,-358.007140407,-242.529872546,-127.798074934
-11300184.3248,-664917.936813,-1918112.52249,450944.85185,-107880.833364,35165.7820346,-146368.666447,18376.0104845,-97182.3515316,-1633.77351555,-98523.9759691,-65096.7052037,-94840.1244098,-37180.0479735,-65529.6543718,-42479.6266465,-31.4056130013,624.770019088,58.3371192951,-243.569083615
403170.868862,-645875.576972,-619437.702684,139413.112048,-107964.599428,7472.22138889,13283.5029518,105451.793218,-88675.6361871,45262.0127573,-16433.093584,-36896.7859973,-41599.5852113,-35570.526017,-1659.70133133,-28938.7475503,-72.6586275416,297.656801635,371.834684908,-545.236108548
7546342.54117,-2831576.99163,1308888.11653,-815062.680066,211364.693258,-121936.429042,183445.562014,31941.4037435,46534.6680364,-67313.6991595,94058.3168378,-10703.514755,76007.9008396,14424.6646855,55212.914278,14740.3838648,-316.948191133,-156.455598259,-191.107588591,-225.54827217
176619.004415,980830.842609,208979.285096,110914.276443,146336.616956,-172686.581285,-26534.4445355,-102854.102789,-62034.7029582,-62045.8474095,-61014.8637925,-19093.281172,5064.53294501,19391.9049846,-33820.448926,15149.9993232,502.167779613,-308.144642053,-688.524543371,-182.598385506
-5851128.8344,288381.708405,-1224465.57452,671238.027734,-106262.018376,-16020.9566147,-45829.3905975,-70972.3255974,-41395.2227362,16820.6840468,-66493.1584636,-5381.25802973,-60708.1027167,-16642.4199202,-37231.2484716,-11382.1841011,30.4800135904,-512.767353983,-202.068571363,-80.3182089103
-4742564.30256,154310.719323,-971089.801502,160379.816426,29477.0144167,-93364.4671823,-73608.6076954,-12805.4071578,-68977.8468317,78123.647946,-62139.7356066,30700.1553264,-9761.46587171,-16453.8021474,3009.42936742,10026.2023296,161.638055873,-585.604019005,-373.396167377,207.140145835
2971132.10358,579078.066122,158969.133663,-400966.310342,-111447.295985,-14518.6838854,-2296.70770269,165695.138509,-35321.6310771,55730.3193218,-10831.8187716,46186.211843,4074.3397655,21145.2403343,-4811.7041612,13189.0516859,-289.753521728,458.865885637,-146.064391337,176.85877068
-1993340.57919,-864399.174584,388733.230724,-492477.676633,74919.6240519,49849.8753776,-41869.831377,-60225.9248779,-69543.7158771,10645.0737449,-38946.5034118,-42230.9074802,38217.5015913,-3839.63375916,-2146.61999235,-6931.3063721,151.596543535,149.994032418,-120.484209199,-118.756265952
788967.961677,1974041.76665,133155.443232,508977.299666,165078.486841,-29720.9880761,18330.7349813,15670.0528401,12891.9767566,19749.5339469,-18698.8078066,19279.3037651,8939.50624798,4837.08514167,24430.4732692,-8612.70370007,-51.1186126771,24.8443113679,-773.143308013,-118.916614601
-7159752.68212,5375771.58645,-1580535.89876,1097651.53946,-103649.665387,-6383.98019465,-63373.3340835,175791.802219,-113213.736169,81995.0344646,-71530.9161011,68476.9565164,-68712.5778827,19652.6833888,-46040.7601858,37247.6395761,318.657121619,-768.020242185,421.609247072,-323.680700849
2733793.09935,416362.370287,271511.713552,505222.028256,248263.843398,14490.0403534,122694.50109,107698.674044,48806.4740885,69880.0984887,32554.0538096,23707.7419364,28853.7357021,28793.3110067,-9911.55239169,21057.0162495,523.377289954,-122.101731429,-27.6096821892,-365.560115165
3253097.13587,-1102071.93165,1723947.07577,-302036.609254,154390.629673,-115013.2248,132238.137407,-60103.4727459,75330.7538498,81479.5517049,3648.57107295,17056.9914437,40791.8773925,5065.05457574,12271.1500729,-35434.7822208,-119.709971944,-692.439302415,-1087.32628481,165.064906226
7007001.91768,1810029.53645,1420077.65263,-5878.99119445,300867.435616,50386.3532883,304664.018773,9165.00871632,97106.3183703,76181.4344822,95588.8325413,33364.0545321,110947.889719,37089.8785046,95745.5691114,7663.91591851,-551.074887399,-6.31438055731,-1315.83977394,-619.147053308
-3859028.05892,6948992.68168,-878619.592098,1054256.55457,81457.7733466,86743.1195764,-2191.15842085,127170.261276,-25849.2446389,107880.594626,17406.3194852,102599.19268,20120.3061568,41829.2745065,8746.55520942,63507.3175338,218.463102689,-446.513387525,0.351663372893,-5.90988151988
-5317053.19812,2238976.59701,-943363.617209,-325285.470662,-33130.3351483,-103569.559042,-117017.583131,55017.2142561,78163.4895061,7605.99468917,-9033.14962515,27095.0508064,-84248.5999086,10372.4246429,-61181.9953459,12619.8563783,-331.354425902,26.3650708944,-124.410879691,606.305623661
6196940.58578,-5409142.68887,1753837.00619,-1063531.9182,366577.60891,-254888.656105,211481.511315,-168648.937775,124972.809112,-5341.83225401,154406.134145,-49753.5383151,124959.559569,-32830.9833153,74622.3492706,-81694.9366797,-647.426289953,-94.0301500531,-748.476189372,597.369845697
9125914.35512,-670097.66423,1200320.09451,258537.560689,320369.589133,31814.1974885,251617.805844,27190.6565751,137046.686185,10469.282899,132313.411962,-28380.830082,131785.24921,-25601.0617352,109676.257765,-18855.7610058,122.608641621,125.24658756,171.2250325,-565.428429092
-1030123.49433,8755249.55361,-134903.685281,1258967.12474,93611.4688658,360678.735323,-76784.1691031,223237.296817,19211.0592261,127943.036559,-5219.25118614,127726.753913,36586.3173337,124094.419567,21239.8258548,105620.843556,-847.688691479,-68.7942174639,-234.732024545,-20.5662761233
-7650169.10989,122241.412063,-1340591.05445,-31637.8122234,-43509.681751,1080.43701179,-170003.225964,73461.6452331,-11461.6335331,1796.85773028,-130708.462607,40332.8673075,-112161.864687,-8025.1184616,-105495.200538,710.381952542,775.121528293,-30.33054876,-1493.30859721,867.311136239
-263701.487289,-3875688.77803,375331.499703,-575248.724591,122252.102556,-228728.002671,77748.915296,-42525.8956777,59144.01815,-25845.5838743,46976.6405469,-97096.8061643,-8027.8516154,-144593.644996,1.8515136053,-96062.3587453,-434.585519041,-809.267064289,-467.109790385,102.405127344
