220992992.0,0.0,49192666.0,0.0,11747535.0,0.0,8820634.0,0.0,7018620.0,0.0,8440930.0,0.0,6831505.0,0.0,4116554.0,0.0,13792.0,0.0,9769.0,0.0
-4962856.96132,11393488.1389,2596332.32198,3464942.63396,335613.62021,861903.975705,-153340.370229,333647.98749,-367106.336565,1362950.61262,-162813.839811,744862.706861,82035.411194,299502.193686,380533.117613,194648.31273,-22.581115355,-383.138726116,-172.084844305,682.968286196
5734911.72538,-2212691.19055,4887501.73052,1375264.558,461165.084747,852178.001048,1602290.42743,-315848.802581,674389.157954,-203238.294024,1001234.89097,-274947.591534,304478.712956,618001.407425,435499.745089,340232.474463,-154.369000071,-596.275236458,806.945451015,-796.123637116
-7858695.03814,13038076.242,-5445207.6127,4490626.29186,-1709346.51409,548081.887856,-181340.186948,895667.558895,-837675.260375,1130599.56475,-992910.996313,981718.159439,-938036.299233,132707.67576,-474323.369371,55743.3720469,-900.26993153,-457.758399228,-11.582488502,848.711713492
-1589571.35477,-4192229.00699,-2685506.98911,-1223144.10699,-141517.157211,56267.6811969,323912.175543,-532143.604223,-726095.171816,-634439.916441,-101468.680653,-574479.750035,-313833.363706,-384471.647473,-52722.6111958,-301981.772889,-139.957680943,-100.00923762,-56.1183510546,-1383.55563197
1695505.69798,483204.257267,1855169.98976,-3004710.09144,843755.419319,-697534.433644,979876.739707,158146.751552,412815.986143,-123300.221979,200688.628124,217679.719365,-27074.7362231,-454188.842368,-143200.972535,-156289.659572,511.991797598,306.443658475,-688.395795847,996.84491583
-175052.447303,-13212787.2209,3100482.84534,-2103647.87506,32533.5295801,-872272.141237,623127.192428,-426479.497949,-209409.488295,-606633.362313,316228.479702,-638919.07528,565085.642892,-573046.164147,236699.557976,-216342.510312,-282.047565488,-150.260992179,-319.780827375,79.9475497551
222180.128177,1400929.36775,2205583.65859,-2169042.4045,180249.148124,30548.6906383,1015140.48274,-1037779.24145,911179.169319,-319919.556559,1221877.57511,-317753.188494,403186.081335,-101911.386332,192689.377717,-153798.279278,-1009.21294088,100.811467772,403.900485167,45.3362243211
5249318.08066,1788936.40594,5508921.60456,-2468219.30655,1550602.81834,-926164.807423,1095920.79757,-261359.730548,116086.73397,205320.695753,595165.182776,-304713.38913,331368.483592,-65294.2029768,560346.286044,-309791.181327,-406.162759896,-40.4885427548,-682.854780035,358.133707783
4470167.44376,-2359759.52296,859828.468405,-2715686.34134,120863.680993,-221118.437907,1106093.10336,-151794.934852,237749.279189,-587252.983617,274564.567466,-396476.340108,-105388.570998,190982.204681,271320.012642,29430.7559666,-557.901870813,545.321925338,-306.836718011,-314.205134242
8069098.09727,-7930713.2305,2967680.71806,-5176393.66488,680487.300765,-784816.594789,867621.977783,-314378.689509,278989.90291,69172.2687305,582210.958851,-178301.078422,166345.154639,-420423.031127,319359.913332,-159008.626035,-23.0051324772,297.910476759,432.127536286,477.330736719
-2168304.13254,983764.24927,2235573.15935,-3858611.34332,-258660.441688,592191.892679,632859.478207,373780.312112,-461561.878649,-129592.06198,396921.876686,270241.898336,-379496.328812,119279.924903,-108743.312728,23658.7197532,326.244946589,1139.82825558,-106.02417332,838.108084357
14561218.7792,-9374932.27881,2694535.472,-2588273.52842,289976.480616,-131831.660971,905452.331534,-204325.262206,394719.701337,-93877.0482562,113533.759856,-483855.109072,266732.615928,-196649.899809,210067.093742,-121592.060251,-83.4795433337,74.9941149051,-344.444585633,-315.528635783
11658670.1407,-14232926.2031,5893760.38878,-3948226.81067,861516.331165,-1416120.07747,1472948.8447,-295801.683986,259398.971229,-192853.462431,643784.075301,-1058477.44822,782028.777413,-477563.984109,360441.406269,-193134.139817,243.465264045,28.2658108591,-91.069000551,61.5799398743
-11383118.584,113983.975411,1582838.92874,1809498.32761,205080.404028,-47484.1373597,256636.396936,-334487.238694,411565.618831,-96060.5139321,340933.042809,296565.509468,224509.321505,193622.784093,199887.50723,172481.486621,276.772156081,453.164633161,-440.058721798,-95.202430285
643215.766565,3616427.45209,1915538.72432,1971149.05861,-94809.6662876,-89268.6579839,818457.474285,-114432.349634,30276.2930557,1085002.37128,486975.227225,191960.133548,645119.936889,570881.184959,235869.292828,233672.288861,-284.342111961,-33.3848228295,592.833231342,479.919509456
10174697.7135,7693414.47652,850803.995088,4712219.26628,-33270.7944582,881192.391106,859570.52781,-306102.856663,-349433.687309,172342.104063,578226.208553,306457.911259,415988.858261,674068.962534,167241.104972,26314.9803986,48.2373501801,-96.2815252513,18.1691883188,-5.7467752226
10463387.3928,2324126.29152,-2220479.77398,-1151179.16433,575795.213659,-255063.995768,627541.312902,-192455.116559,158841.343127,82184.2145351,150554.231151,-439492.210253,-109460.335167,-169442.981076,158241.964501,-157324.395893,306.822220411,274.99142903,-553.573920793,-183.514677227
9662098.12466,9287434.86056,860988.123707,-5214026.05992,368916.76936,-812549.938065,934724.057973,-708387.132259,-57615.9211792,-481735.823334,543719.921306,-439148.208363,281495.001903,-508996.05769,320777.623963,-449689.170789,-110.658464291,180.762840386,202.659084598,490.41909933
-9221483.93259,-2970080.1627,-4381680.97782,-5591430.70795,-862390.353579,-1185779.87705,40674.8350393,-555568.747636,397361.505038,-293444.240442,-120054.694926,-342450.440641,162824.692407,-938080.014668,-78500.4545712,-251449.013507,-322.871926888,-116.857522821,988.036504878,-230.05574314
-4603639.76767,2221447.80903,1529985.07072,-4795512.445,766746.36774,-14128.1803013,346549.54286,-506720.958129,65046.2662527,-79886.9681986,223189.322599,-917630.501874,-63729.4664264,-438205.856227,69736.4983557,-448221.596813,593.390854978,175.102780614,-278.394760621,-353.416169848
468549.717446,6893765.20843,5563897.2782,4114140.06333,757119.232254,609353.894646,1192177.40446,385990.270872,1121579.06599,236132.616934,914574.947145,342364.14473,770226.824855,578417.099391,322852.375617,17596.1840855,-348.891353038,-265.972266825,-240.809949847,-147.02049677
-168738.447038,-6575855.72474,1624181.19684,983599.630062,-308260.480999,1237103.58392,854245.563567,-20846.0370103,-58373.2232367,807547.110309,273737.630998,573738.490188,-56133.1777899,145883.187643,238003.941553,182217.995916,-310.306077226,708.803149147,221.240511555,440.906012046
-9951419.36997,464918.716027,-3034840.80053,-5085074.00928,-1301599.21194,-614866.596589,134558.99689,-683753.846139,-544847.996284,-504047.608304,-448531.352842,-628115.057592,-365274.234622,-410015.150455,-294812.92356,-141514.04507,380.125916772,525.337452813,-215.013574643,693.287117974
2904926.47042,1577258.61371,2494523.12573,-840221.775622,-778442.130109,-453052.88847,825061.872044,-211076.055528,255358.607205,-22353.3384982,432838.874124,-372743.456088,-304730.826955,-174712.924299,-52731.5092524,-42849.7855405,-176.26256424,425.665339726,-584.165014428,251.364765245
-10861972.7777,-13821170.3776,-626555.468343,-4800720.62491,-154407.39454,-976187.488036,293088.591369,-530884.913055,-267856.831411,-533565.598287,-358514.098928,-389900.045331,264262.252783,-435751.633297,46669.0408664,-317260.420007,32.6290162095,119.449622377,-111.234031499,731.26829193
10019873.3468,12136318.9131,9391672.5908,-275679.293623,869878.832788,-692504.749043,1300031.59272,-969950.874783,1229821.58905,-259491.114082,743418.836442,-347512.085823,373380.633571,-292366.979541,525650.628759,-228430.352134,-708.680666699,83.9276001359,185.509193364,706.82319052
-2630048.438,-1550687.60209,-545895.070287,4460397.85771,-117413.551833,38457.2479652,-222420.319182,300343.048894,-185358.249684,260256.592095,-25664.4716896,567353.711196,208164.016246,423966.392976,124851.369766,238869.785955,-331.245302315,60.5215988903,123.858861661,-159.265320549
13252351.364,2352844.33804,3406163.7694,262210.782538,1404770.19239,-107517.472961,1480193.74622,-1013345.55059,649321.784094,-493001.428794,844402.794023,-798146.408492,457479.003753,-51699.4117042,307199.63478,-58880.9894353,-160.431173204,-336.601523757,-95.6678292529,-39.8289008088
-13258255.1526,4870213.35225,-952867.698302,1166175.60841,1482.69169646,488448.465896,189132.78164,-261741.484116,-107191.987099,591879.114965,45964.4932237,237187.794601,-90085.8779012,128758.019059,-45013.3622598,-33651.3585686,-515.7042887,237.742107603,89.5627828693,187.744883059
3118595.48443,-3921448.20005,-6629215.94473,-1230906.91625,162389.6785,693816.277423,291079.128252,-518278.282974,-587079.815838,-720730.659122,-521006.615899,-751311.270185,-51642.6253018,-54735.5447854,70837.6339185,-231737.681399,313.542965798,-541.670673745,-195.990015945,-633.465796111
-480159.172087,-5906577.30365,75935.2518705,-4083660.17169,-437559.674099,-1044938.62491,1176783.67549,-696682.553661,653544.492995,-409594.380906,847711.101667,-603717.893527,491369.758243,-546884.300892,275202.497211,-175617.157153,-116.707163228,-249.942195707,-285.522189759,-127.579946946
-10032023.3555,-6945212.39474,1610106.08858,-2086010.21651,-767554.551897,507266.556473,-163427.627817,-116020.927878,-424949.168786,-41142.5759323,-22044.3574716,225727.612814,-56650.5537111,-213679.913076,112969.193604,-143507.838014,-242.784728729,471.989874714,-14.4177383295,-83.9505525973
3433135.33861,1694447.51415,1684022.22776,-2671139.30929,-920935.423947,-1006021.56295,-33540.0561509,-770227.229811,165355.25338,-423730.083863,71013.2277178,-541157.782215,-211874.496922,-170410.221087,-191258.80016,-108353.060625,-664.200879445,295.921316851,-239.770899307,127.080833579
7029086.98311,2401124.75774,7124521.44138,2568794.74139,302745.71322,1286947.73691,851024.797761,290267.716093,503980.099353,688366.509446,600912.907827,420951.031003,750822.798187,569837.744639,315620.11817,90130.09899,83.5807792965,482.734354167,-273.973556493,197.116490928
13504697.7734,-1673014.0637,427794.054219,-682840.101065,920502.448233,-129616.729885,74403.1303461,-1131250.56324,216641.053137,-433501.661985,235050.700995,-292603.055217,380062.671898,-406706.965952,302592.1647,-167776.394191,167.236421701,-305.76243005,28.9690217942,-67.0579936418
-3898657.12588,10955355.6106,-2113.78764154,1674200.89191,-742904.117326,-408463.875108,24966.8727424,-289955.568625,-188885.762542,434578.929351,-245748.60421,100166.623522,-503676.69938,183448.243316,-887.611848813,-43629.271746,-373.366463406,259.818791429,-44.1367189631,51.3720509906
-16084317.767,-2294728.47803,-151218.164416,-1264510.40937,-492305.203241,-1111466.89014,457296.150978,-583304.631621,-601241.99882,-281235.879876,-366326.704657,-521744.973051,-268096.199481,-54718.8384848,-94372.5372548,-94761.0215133,-260.079945812,269.55156635,47.9574975472,445.629536612
-5095286.45845,9582181.11059,674530.507127,-2175994.552,175404.898358,-459152.77291,788955.275684,-490629.25684,464975.323365,-221816.810422,501423.018786,-511441.236329,-138503.19457,-617873.311719,78581.8111951,-504313.509869,22.2970280656,179.151020628,337.474121268,-238.84073564
-3255797.42061,7382077.38607,2251349.63333,340853.220616,611212.886942,-16106.0123431,717212.303592,-19517.4852364,247377.385795,228046.312896,446333.83472,11372.1642697,180498.138306,187789.734915,233805.904966,11591.0644448,-73.8881878118,-161.701248031,-11.7356396609,-279.579825301
1462950.61846,-6185221.78048,3107814.53553,28061.6303051,723942.52742,20245.5023329,474327.280436,-280489.383721,527202.329678,-193653.660596,-16507.9716517,40822.0516826,108164.775332,-184156.675507,53795.4410187,105571.161479,-166.929034074,195.470551971,-252.933467123,362.433860927
-12876337.0019,-10372016.7634,-1962489.28998,-58484.7604981,-755266.39763,84516.1652387,-387805.72519,-285823.499552,-563467.59549,810118.518125,-355804.774775,-195993.865764,-389629.985682,75969.4382315,-318422.015871,266467.624156,70.3496852164,-28.5769062483,5.80554301068,70.5698544077
7580689.33625,1639949.43463,2441756.05623,3515437.86497,102843.104324,1814776.38326,71867.485982,-361010.640945,-203553.077111,-148180.292128,227965.486659,274290.903052,501033.806028,452963.531484,121387.889698,139391.260213,-167.075606906,427.731119046,-292.289072501,145.835455376
-3694706.10765,1136891.30975,-4369179.59962,-1625439.05209,-912561.419579,95391.3057158,-201859.048125,71730.6808269,-108976.948028,583865.805518,-808678.559714,-142579.829984,-352249.002854,161207.826942,-68746.1131921,-65432.6475282,326.768605956,193.543564132,-67.8232919645,273.93513382
11811439.3708,11745300.5836,2040502.20327,-5704242.19848,369114.437223,-1056571.94997,302215.837931,-1717890.05031,-123175.524872,-1147457.69077,427846.362572,-1116176.62541,579624.446428,-528636.378594,381272.42648,-284334.094163,-10.9775555865,142.329137365,136.561360069,43.0710335703
91665.4255509,-8962074.79165,2093038.57833,-4528671.64268,-334446.580389,-1170708.66614,107300.453554,-309165.743503,656859.060998,-600883.617895,172270.307198,-261152.116947,-174387.878673,-320382.117726,92143.9767386,-172634.325595,-37.0465754012,421.859699495,93.7158545117,204.740626619
12593345.0995,-1656022.45494,5187165.3909,-3072589.94729,151444.370105,233459.450069,674622.856849,-649876.742173,43144.9281342,-57760.8481842,491644.012831,-217555.247712,556478.321455,-18158.0130992,283600.306034,-104322.051772,118.825808042,301.798144419,171.293609298,-18.1070881126
674024.071267,-13194741.1627,5852968.49934,-301220.931445,1017906.27533,282869.572474,1012792.65662,-157603.860942,1084544.1597,-269226.23471,771869.236428,-84915.0449946,779663.940554,-63524.5983747,575802.534267,125986.719252,174.335036363,188.105385971,-3.91091359695,184.854601775
15371266.9174,-8163577.27185,2021197.17783,-35605.7270116,1375920.2272,-142376.125035,443535.37579,37639.4193157,346510.848903,420581.950304,339731.908689,211423.109974,199392.508309,-20549.2121344,321707.990791,44801.0033983,8.45741266534,-106.448851217,44.9894715161,-275.854896719
5117401.85029,4168249.77067,-1384292.25907,-1060644.89985,40816.7636136,549154.078116,355323.471785,-333853.202392,-129667.844313,-149737.55758,130867.442256,195916.715604,41841.6651874,268281.715117,-51119.743096,243498.502504,83.6522466858,-51.1333909683,98.3634288312,136.634760801
-2227173.11803,1173145.75479,1119006.09112,2262540.83492,-1712320.62492,1015267.22512,252030.084468,114161.315627,-200120.835664,741866.003842,-714013.90123,224034.461447,-302425.100325,-403921.122808,-195377.744416,30296.2024572,-94.6442897002,70.8011545605,-92.6067129892,53.4127172219
-3260297.61779,-2797154.4541,-6576074.84909,-3476303.54397,-1181518.76974,-14273.3474207,-934450.119415,-660568.902231,-1002055.09474,-303234.50277,-981571.862229,-902846.216877,-768554.605059,-530468.382762,-438901.690585,-362625.731362,53.1448073916,110.291002267,-88.1922292453,73.2487862084
601080.447787,5616951.69522,3107498.4811,-469983.141038,-115635.651104,-883412.859786,566018.096439,-205939.293896,507129.39058,-266991.617392,74297.4772548,-372243.505918,190241.656141,-24921.4833684,33343.4916974,-309898.048146,-117.034519759,-21.8682105306,-151.777629541,189.900482106
-5268773.4682,-20133066.2376,-1979480.10304,-2217980.6633,204454.729471,-1583081.81428,-184713.434615,-863134.476782,-138822.609189,13530.5100603,137437.97305,-247866.15326,10029.6109603,-269394.821586,203143.623568,-227403.535847,-198.96331475,-78.0673673105,7.43128857253,-87.6266666736
6699807.08072,7591596.37955,1222872.41313,-4126540.66685,362988.168376,-864741.313219,35521.0402287,-1216967.94285,50901.8137745,-935542.153651,300490.723773,-628557.46206,-242545.704217,-270005.843079,-6560.23480713,-189003.558221,28.2868935208,-19.2312933262,81.6966530026,129.302600427
2008388.78073,-1124024.31321,1365564.10852,-2235098.27327,1592096.46711,204169.179075,668707.655304,-187859.645637,716626.731021,493162.760163,669626.283012,-291417.56029,400797.558435,273947.700255,284759.963642,-109768.34507,45.3565519646,-118.510288887,22.133432523,2.01185079496
-779131.251711,8474685.18126,-3471139.72558,-3186076.09397,472096.462116,324777.946868,-3342.62204993,-882597.727993,-559765.473677,-428745.999913,-484948.006622,132955.165941,-472510.419215,-231028.508798,-154698.766114,-50417.522147,-29.0562964648,-23.3476271832,255.699168914,69.8009104616
-12841123.657,-17332192.7688,-1964617.45681,-8070452.21252,452105.239519,-590302.995988,466573.655353,-1215704.46565,260769.181829,-506959.432647,-150536.129764,-772799.551584,-72573.0668388,-559111.83353,307899.961209,-184183.246711,-14.9713774612,-111.829517405,51.1644105477,-65.506347982
3594104.93563,-10100444.3045,-2064451.09812,-1942075.91563,-1192088.16295,693561.093791,-555865.72737,672445.186048,-690350.265902,409108.556765,-525649.663226,191547.547143,-368904.522904,277355.366566,-191910.80593,241921.174926,103.257557026,23.1897763151,40.7310169099,-82.3617098381
-9158289.63138,3569890.44126,1636603.61031,-3652538.61913,-228447.258235,-139076.067824,310950.867163,-323102.595884,151888.412175,-478174.164187,-240862.458504,-220533.531862,325486.278242,53005.9034279,-37791.270551,-36855.0001145,59.7019418781,-4.89111413332,89.7763148724,132.552874752
10004316.0494,1112706.55031,5062584.18387,2975561.75654,808264.27647,575617.839102,333639.440969,297776.291558,660169.966913,658381.705548,789718.737019,266295.871746,648535.52468,451992.199794,250299.822524,177586.12807,-6.50122165733,-22.4856831825,-131.298206297,-70.0526389674
1799218.96852,3894355.17177,1025375.08353,693495.147983,252025.852099,-1424532.75156,-231541.876117,-629897.366575,121322.425548,-642327.088467,-367792.202946,-180862.132887,282282.763148,-111915.419639,188076.051375,-48999.4581367,-71.2673295262,16.524337816,142.910574431,70.9565216971
6864920.21046,-976236.288965,-1880409.94756,898769.577032,-174506.188347,218014.875044,274883.762439,-465585.692176,274174.611881,384366.021211,199967.030279,-623109.57883,70729.251335,157248.641215,-46659.3696015,133087.348057,-5.35847057292,-35.538152187,-53.6501563552,-27.9031054798
-14171776.6249,4906444.63144,-4371709.43742,675693.18778,-442630.950639,487359.527063,-555177.347204,-198236.064933,-865735.279731,-55182.7333722,-475274.822712,483885.343463,-380187.143149,-48526.751337,-24844.0942242,-165757.195839,-17.603253821,5.34207387818,75.1600201415,-99.5852328902
6279496.0132,-5345703.06028,-4838555.32466,-5106163.32141,-279258.159234,-270333.562323,-225044.267996,-286906.290668,256407.024615,-620631.582302,-542889.583284,-634666.395219,-318266.02061,-5834.38368383,18799.8927549,-359300.4073,29.2503862196,-37.1500210955,8.20617302467,-1.5771823825
15954439.972,-7508140.6073,3822877.1196,-3858086.90806,1860638.26508,-1865324.22767,1542517.50434,-339393.63673,387101.747127,39119.1283378,1193400.64299,-257113.343117,958644.017096,-589854.10081,575027.576238,-393417.24013,5.52072008569,-12.7869212473,-81.4278806062,-39.2165054934
-4886818.57398,-10647058.1698,-2735158.01956,-2639010.61006,-145790.516173,-1111753.10198,-438206.211457,-830358.290435,128958.690399,-806831.09019,-562217.621101,-589215.681722,-395638.994409,-824070.72919,-32982.8678108,-368991.780379,-0.0923298556728,-33.8237150698,25.6903248753,-44.3571433415
-7678436.85258,11338562.9254,-2890626.16015,422623.631421,498976.504794,518627.137549,4331.93938975,52690.2763294,94557.4698437,591172.527455,149559.683506,56270.07744,-8980.6250793,143114.572274,-42836.0162929,-33333.5499506,-25.198225027,-30.0605697259,6.22378084698,99.1723010535
179722.58985,-2548201.21177,-3926712.01592,2197467.96253,-998860.105089,743884.244912,-659469.780155,34519.9581503,-51323.0218401,-147122.894092,-764995.06653,-13633.7393181,-507947.520047,231442.264014,-339252.362691,138165.072407,-14.2900975093,-29.1994927323,-19.5546763205,-108.34655173
4604385.13832,-2733775.8248,-2453677.3072,-2525780.63154,399772.01735,-336085.693116,-17125.6202537,-746019.863801,299605.746006,142711.25512,144477.313365,-415847.440277,-69968.4410711,-310172.156245,-51585.0571015,-122337.429552,-1.31105327055,-31.3726343053,146.561435102,49.0569148791
3529160.38186,-9693540.94879,-848479.271755,-2287557.6845,-278744.408226,794747.950673,187619.26004,225100.931312,-124315.867737,-247085.66141,-42926.4864129,486759.214441,-62118.3419621,-8929.05522397,84655.3863571,859.002758622,11.4250971515,39.7722147733,-139.314654152,-77.6780027559
-5149200.20799,14397990.9416,259442.301237,122122.564495,-193198.343416,398535.160636,-51243.9501622,168693.638729,207931.869677,103195.171015,-252628.429916,403199.386102,-20230.9023353,279223.184669,-53629.4675623,189269.953596,6.71449015248,14.6263626864,94.9645824879,-72.7518840338
-3747617.60132,4687812.10901,587538.536297,-1096875.46262,-282436.741011,7505.6968725,50329.7168637,-184012.939119,-197395.934464,1895.96890442,1221.87352919,-116947.979731,160931.058665,-313390.107779,148314.881418,-13738.7714914,21.3032323921,-53.9381376498,-172.010820233,51.8694967129
-14206732.4945,3254084.78233,1210565.83382,119641.171468,180547.49008,-705955.014901,-104746.98126,-191276.938156,115484.896676,-409884.76442,6283.03727784,-426252.319151,61388.7714467,-44957.4522148,62827.9249958,-422998.948365,-64.3230500336,-36.4036198646,97.8770402854,-106.185132795
1896680.82784,-3993369.08127,365738.383287,56526.4035878,60179.1968059,-1052821.37468,295154.390101,127922.424482,109336.873197,-210472.365912,-489324.64763,-76641.7982557,21861.1754168,62803.2781904,57786.0441448,-54943.3510579,-5.24638324611,-60.7730952143,23.5997891237,85.7084647182
-5783078.7993,-1395530.13147,-4587533.218,-292710.267287,309265.747155,-278128.498936,-711189.391447,-616755.899961,-91642.790525,-439272.806081,-521892.994684,-531045.392772,-170918.27246,-357666.256069,8336.97049957,-153588.256102,-53.4259973665,-24.8665789204,23.7183755265,-189.786018151
323063.071525,-1950459.32325,710859.288891,5337718.55323,74054.2669408,1572694.59405,573006.355977,860918.044819,386918.951205,502040.910342,529643.335865,484319.043638,-106510.123466,795547.019346,39629.1530856,327912.912297,-29.0955975931,-31.9665326364,41.285460767,-87.7483822149
1106267.91893,5281355.29601,-6022033.56042,1615181.99623,143881.461887,490053.673818,165461.424705,6488.58752197,-274952.899685,350989.826909,-399943.354551,40629.5753898,389692.204012,179830.461613,-14041.2234605,64162.1457907,76.2025014349,-65.0436658957,38.7717625005,-94.4447224745
-441593.422937,2013257.6945,2233259.85387,-1121472.72299,-517705.5018,650259.952778,1232359.80415,44826.3733618,570167.611408,-289372.599931,442985.178148,-306324.27346,218368.275206,-188427.804835,519486.797599,-46156.5605145,-50.3634604049,23.6571456497,13.7700764155,-162.135642244
15412843.6902,6875821.76818,-1438616.963,-14731.7500181,498562.954162,-905762.268367,-797658.947884,115900.001024,-90987.8892327,366972.262845,137630.611862,270502.069631,112108.454841,-193116.988155,385007.684723,-32238.6160516,2.07233905624,-122.74468934,27.9838543754,10.9871004542
-3922086.76862,9895993.60796,-693918.396878,-3408600.90859,-467140.534962,-586164.830614,42312.8670037,25475.4257069,-64745.5615182,-216672.877565,241760.618349,-7104.30355042,-80484.8249875,-269184.335091,-3278.70583671,-132616.827381,-14.4149499394,-65.4923265131,-31.1618660932,30.0249959384
1885695.94204,1465461.44541,1870744.7013,4295998.76142,356249.217809,510319.645371,-174193.249727,164190.286493,310104.837031,471238.466778,-268639.146136,618492.590173,13296.3112354,210020.270749,-12796.7563838,7402.09332989,-21.9963495777,-39.585651359,-41.377422167,-108.586625773
5288857.7225,-3680766.34955,-126271.877608,-417582.29215,1058053.39001,-465877.24779,275670.229351,-116079.459931,293774.041067,-235758.612772,-164081.721243,-426678.978016,225353.658649,-210646.99313,142942.914933,-244426.441942,97.2731349781,-82.8224505619,13.4872184341,-157.824954304
1890336.0925,-5664147.37577,-1169914.5316,-2361431.17211,601317.002553,226132.14172,115849.421577,-280902.965303,262184.983725,-2407.67648199,-1295.35912996,-360129.178985,-433496.296644,101467.524465,-214095.829777,-194463.732021,66.1413948746,85.4829487115,-50.2328380114,-92.1702488456
9397311.37222,10736114.6008,-4083751.58808,-1904069.32231,293868.39306,137746.49145,-134133.096865,89330.4309993,-323317.761803,109547.43256,-95464.0743741,-22420.1621353,-206516.872001,-207978.814898,-84263.8156885,140650.057884,78.1759500152,50.9484310347,-36.5400012166,-20.2756402912
3568893.81297,9368990.18766,3262070.26996,-3378167.30466,-340216.889718,148169.17805,52639.5091505,-562434.4668,109383.515349,-605009.258992,-179768.229459,-541762.63082,-172346.439107,-406091.789142,36324.1097782,-242029.356952,-152.749896226,95.3519692501,-215.332249954,56.2459759839
11531203.7921,19900352.4638,5025352.70186,3563628.83842,1264052.64873,321104.456346,788971.320428,1219888.96863,480382.182697,515453.52519,579785.303963,532053.17505,426592.136638,459688.503183,93996.8536134,122415.281481,-88.5448151936,88.4343239071,-160.73589936,-38.6412263831
6443789.78279,20682845.0165,5500460.4335,3335219.22731,719936.643749,758330.743908,554045.10455,521931.187869,459487.24468,177628.679007,282956.136797,995165.544917,404069.416893,345159.60208,245971.100365,195602.25561,-73.8032757682,-8.17068311988,-57.9162885711,135.274042729
-4000390.38858,-4011556.20386,-2564264.0129,-44270.2650011,-508887.748354,387471.128749,-500330.409113,235934.213093,289952.060388,-25386.7291654,-96861.5938072,-119138.559978,3945.6703898,-98327.0728327,181933.683409,43076.4839006,-86.4673366264,165.973963615,-118.998942562,-80.4797637423
2667569.62183,-1463847.15317,-3194265.61783,760745.630808,-422385.008986,336342.09497,-292799.359468,254903.473763,-147079.950037,228986.825461,-254061.586844,-171509.230096,-123210.368837,434506.675326,-163826.186574,121791.934738,93.9238261702,57.2469475709,57.0002323648,-26.3190625915
-2343879.63419,-1012428.09385,-3218367.72592,-3209137.21156,-953367.349443,497769.068149,-108838.004658,-211306.430653,50386.6455762,-3977.4134559,-439321.782512,-263214.786628,315151.956806,-102586.083279,-55806.6624927,-45119.9438202,-144.7505369,177.267755466,-64.7733897585,136.855455751
3643638.36758,3201181.6712,-821275.036847,-2905505.53771,79406.9249667,-349645.509458,135635.857521,-405574.811761,-432261.099716,-109158.363835,54320.6568002,-132750.508867,-125389.120822,279986.922209,-9552.21328247,-132688.144647,-7.75731485953,-13.5417809662,-29.2335938723,-71.3156915187
-209262.540233,-2223165.31594,-1705337.09338,-1110048.90282,-684170.743471,-1404368.31146,-218408.832343,312853.179016,-7474.41277213,-611390.841034,-418277.137064,171523.962368,-94326.9127581,-50079.4036235,-24317.1872841,-83780.2499197,-71.7366536613,-69.1966245293,-134.390707999,176.469901707
-15504120.6471,-10868507.5373,-1884521.49026,-4117351.22537,474212.282755,-1137350.60427,-72508.9180589,-206555.319911,-146645.442599,1954.18003456,228843.936764,-489519.742402,-202487.538966,-382138.213009,-95442.674021,-86108.1476054,88.497438962,0.267422265629,68.1705019421,54.2769642562
164436.921799,6014775.2532,3532454.64103,702776.436997,282334.660924,-279415.880773,536039.90653,60308.0306308,150690.995486,-340989.16914,324863.044296,804850.249227,427929.155023,-153637.243036,168635.934672,122889.336994,-224.870519825,-39.5370794725,52.3972432045,22.1781579577
13709259.3718,-3324095.0847,794344.560902,-2019520.93968,1445015.63178,284825.010726,246172.89136,306134.155992,931113.644308,96539.3456943,-150511.822118,-121056.707786,524056.552268,-253396.589027,79323.5630352,-228874.606587,-105.014445081,86.0056450417,-109.831298598,108.402819394
8374234.58657,-3946722.30263,1201112.45219,-3759202.82061,149257.277515,202607.97231,483098.283296,-108451.290729,-46691.8491067,23637.6108442,205690.64856,-203620.383403,403246.709385,-226283.741869,171301.341008,-55344.0108205,-27.1780778395,102.722924256,34.2526291289,-151.518794496
-2823762.30571,-466965.934795,-1662133.94101,728465.625039,-873008.262541,529273.144038,-661585.298887,225925.505975,137051.321545,348823.942076,-475761.220128,-56967.3573956,-497449.921101,188503.521696,-217971.588377,-106085.034123,-114.952860445,160.728912149,107.520424291,152.811271043
-5609188.56227,-280405.679974,-2891157.81938,-372865.889336,-1872221.37256,955096.207959,-410440.470292,760827.513679,-1001360.30299,469053.099114,-503801.134343,61719.3088194,-873645.635344,260501.826829,-422410.473715,-92541.1388868,-2.98807187819,118.488573269,-169.917350693,-164.100787353
-9064434.36843,-3176077.75721,-7985.02837996,-27477.1622054,247745.158915,-405716.594766,92711.4908907,-239606.943268,-23742.3527864,-976235.946185,-180980.093131,-395938.761396,-241105.390417,-395174.177716,-179473.094954,-272667.38799,-74.3328884995,13.465900095,128.30309015,103.470882652
9306667.56724,-8831480.20027,1537194.81797,-1058113.31705,355928.306139,-1587685.63205,374924.348107,78469.0859677,573045.33346,82702.1690309,830836.957567,-195896.273703,489935.823223,-756539.167466,340986.065249,-231188.633082,-157.861447434,-9.84032151394,-76.0921446341,-59.16446588
-2968404.28101,-2583535.06114,-5901496.69774,-1652340.17357,-171055.971401,-616435.473086,-192927.64701,-205826.629716,-440264.957062,-708721.986702,-319915.382888,31598.7700508,-423736.813706,-363580.219824,-268455.615808,-254862.958764,70.7213971923,-66.0126287279,155.190710929,-198.259785435
-1572040.95186,21521596.6992,-1751544.59189,2754859.82824,-402222.106201,277631.457962,705539.819526,623251.212434,821433.383714,857187.651388,306417.774034,684196.604908,411925.310605,848594.26455,140426.916809,423333.647793,-176.084986999,-163.476431777,46.2231976601,48.550377798
14871411.4372,6931429.20164,-4579446.21432,1225012.42578,74136.5237687,690911.3984,-8415.87317587,-69325.5665756,-400005.472313,369286.980776,-455865.357901,471844.484742,-379052.094513,263834.580731,-147408.754019,184076.062095,-39.3275824124,-112.745976596,40.7965667322,-1.34529651054
-441813.436789,10259293.9347,-397203.987147,-2141904.95081,310461.253495,197861.876036,812769.307381,50161.8178906,772912.184394,1869.90025244,663013.664612,-219354.430553,358146.542406,457367.955026,228030.214533,190633.207713,-48.4030422485,-61.6962134435,44.8557790645,-60.3951366716
-17598448.9062,1695845.13155,-3460696.64602,-1894236.53495,-1270262.03455,469234.800216,-316816.124599,584425.947924,-793442.491695,609566.910075,-674294.5338,710608.713594,-664091.207716,211903.707966,-322130.905275,195775.111457,38.1997449877,204.575125857,-34.6117249218,-21.1896432399
-12836944.0454,2961688.86192,-1959608.33709,-3016674.24504,-1327768.98258,342784.869471,-268054.2606,-241034.555629,-156557.276382,-812855.237612,-499673.098878,-347725.067143,-93376.6885963,34577.4130168,35178.0215721,93505.6104721,-172.166571656,78.6075595658,38.7993793636,-41.1286461899
14457540.8805,9004652.43458,4561768.01393,2927456.7114,316307.586221,1001053.48,626082.810677,858035.411344,625252.471907,760221.423016,609163.584049,680112.407753,199697.16063,383583.951144,47572.0205243,126959.955694,-68.3644042033,97.8049572803,-146.720388099,-21.3480978638
5544254.90964,-1581387.14931,568652.677136,1049810.86669,344099.855668,-578571.55673,567309.311511,541972.697236,272457.54842,-318136.582143,-31501.7930836,760.197222561,780664.338762,-3591.98920398,195485.065738,-181709.510313,-44.1742755647,27.3755525289,-175.557774387,6.67426266423
-2909419.46195,693203.61471,857047.67239,-170225.663917,102600.992426,-422227.408383,705576.784977,-354376.534003,810706.289264,-348410.122688,208666.429771,-61919.3009451,386630.991257,-116984.034184,187145.518299,24630.0651939,-24.3350581343,48.6920038519,-145.801622118,48.0809251639
-94421.8950309,4300904.83274,-2586768.14948,1319456.04849,-302326.33676,-580579.110666,-248504.379311,378553.481018,-93320.1874293,482628.950701,38685.9245874,1408.79890428,137295.295257,-56427.2064684,312680.472204,-12567.0246427,-84.1276659536,-52.2117264544,-29.6987187235,48.7987715058
2202417.2273,-832638.505106,1831549.95063,-180966.621878,394340.665817,1626684.53061,506534.306122,-403076.919887,-23243.078869,27069.0414755,222154.955819,221566.565674,174297.347295,374498.565442,-50091.0202532,260252.458703,-107.507975955,75.8135066953,-160.66106994,136.673565676
5156645.58148,-5174675.43967,-3584228.97795,4220429.14306,-158358.617506,-391621.585272,489615.109526,411660.813825,-18028.2878323,203843.804326,-208808.848099,300073.313406,-238195.838191,106883.437318,25819.3604068,22273.4051946,-55.6489544497,-34.6285423302,165.050525945,-130.147123854
7542630.37667,-481706.200389,-2917815.95689,1835859.13928,-200770.629218,-170227.002357,-513514.495707,-31729.9138016,-385230.38176,-788366.060369,-659046.287108,-42169.0544924,-364496.86214,-67541.5362537,11891.6481197,-131796.907576,-15.3000864288,157.099713502,-165.354358595,175.098578038
12072534.4514,866405.236573,-1891809.75092,71660.9357366,1189371.29071,-707603.786941,838605.197584,212972.294107,1039592.48317,-464428.158232,961346.952584,-25551.6366793,443516.643296,-401998.769771,212966.584098,-271081.416542,-23.837620076,-140.508720413,81.7881287193,-262.762303867
-15237247.1924,12402708.902,-2263197.70357,2978634.05664,441819.226888,1576806.1025,218278.749708,315375.700325,31849.4382322,511352.711562,328876.152033,444981.271701,253616.061203,-35481.9737547,13791.1630758,317070.628357,-47.0160798418,29.7063348772,-7.84862191523,117.262712
7045560.13599,-565245.587808,-652380.237893,-4277687.53391,59090.4508423,1452768.61959,777841.358436,-6733.87660065,531152.71887,-225249.6421,70879.5232936,-91676.0920863,230406.147961,-65986.2289538,23645.0751989,-66247.5256674,98.3140316999,108.057280119,11.3462210781,-88.9928799482
-11128664.466,-6532827.27958,-1303341.60547,-3621237.38343,-680012.543228,-450378.842233,48225.1940076,-166224.060652,-516149.854691,153353.281293,-50290.6292236,-581248.923623,47315.9118216,-178168.611953,-98183.1224323,-204981.515332,-31.5878525934,23.9331042589,75.8062850134,90.7898073993
-4529931.46626,7765600.64885,-1468806.55628,343890.50507,-1418808.26424,355600.042338,-44039.7662382,287919.314494,-544217.040963,-129101.600573,160630.737648,731295.965706,-324712.244462,504773.445079,-110412.320602,350721.174269,35.3157920564,46.9484743842,-4.97267890516,-98.9760353619
5725927.25353,20210809.4142,-226035.801585,798469.66331,166681.061518,58573.5753771,-257430.084637,122885.378572,-491607.077563,202618.44407,-124315.695703,495287.784959,-232330.787651,129772.168655,35438.6493811,273818.623379,8.25659945357,6.64728028096,117.766471012,-32.2397829221
6464564.22168,2375544.10065,4056134.1327,2743116.98948,366960.478002,-431731.034999,831806.112271,210454.235416,-90750.9203646,-265235.168867,466192.335342,245646.290388,188244.794327,354748.244154,67649.3239487,209146.185779,-22.0139688107,-21.8748612536,-93.2018582443,-12.4953570035
9128329.4281,6276396.82369,2694443.07132,5038685.93188,1841457.61634,-211461.93635,884865.147775,442823.398615,1041138.22469,108153.027709,211419.603909,356995.098219,742548.404476,299125.556824,228722.999041,228009.331305,-67.7305990413,2.34606990259,-32.0770726357,39.1257243286
-8169438.94314,-10325044.2345,921383.560588,-2280621.40239,439421.341292,-531479.17225,541099.151527,-761487.697089,-220843.68847,-145485.424399,245998.182238,-598347.673187,-75328.1267163,-307248.876588,243934.396337,-159329.557832,30.3058737974,-3.08284162484,-96.4347700455,16.3608847318
-3752234.71765,-4352863.87999,-2966873.35644,5834394.24877,293647.257185,1255067.44559,10333.7217672,948766.260011,170469.834021,319452.455689,-347189.891022,245753.282978,-308832.07675,494930.043408,47376.8424165,154858.291116,41.1245815034,-36.4088873752,-23.0296999547,86.4303371013
9118881.86,5537399.75341,-1103968.76252,2374892.97152,1045594.57366,1300560.78655,907502.797278,330739.994744,-237519.668448,652368.147213,474420.251914,74780.3453475,376338.778811,160504.329242,279526.5926,154972.769848,0.745031982633,-60.9692896342,-68.4276891311,-55.1945066609
-9481863.05958,4544654.03208,-2113127.62889,2289996.9091,-278720.848152,940747.083573,112418.268466,415304.955915,-319856.224276,6520.93949541,358836.076644,752810.071639,-3769.03809432,249598.790191,121550.548517,192677.884963,-31.0695738499,37.2478269438,107.21746561,12.528366553
4798393.19463,-1043013.82975,2567295.54893,330612.107121,303930.526357,-236219.285844,615832.673455,449912.537241,42577.7048627,231272.691636,184127.019552,391794.254219,427571.267034,-142247.150374,181913.271187,22898.1782592,-3.13460474472,36.0204982969,-136.455710282,-43.0919507619
-2457678.93091,-1793757.40775,-629800.031248,-1666234.30912,134651.353669,283616.771448,219834.788824,-508545.915779,-298263.884473,-530869.219702,88363.0171711,-390322.935853,236786.133417,-390739.252301,67802.8318146,-85201.7663618,35.8712365468,30.4723022209,88.4337769866,-13.7275128979
-9265622.90847,2146580.28511,2741784.21761,-877871.32724,339052.998471,-707636.686463,454945.960608,-50416.2420557,745699.390686,104607.821466,374969.272016,-85924.101344,136926.585335,-30025.1465166,184061.207253,42394.0938632,-46.8986852861,33.0691765057,-126.320466399,81.8029538508
17039967.1246,9845412.77423,738017.672278,-23540.8013015,1047422.33327,924920.506903,493222.434712,218263.550041,45625.1702177,410118.249912,-2784.22684618,158761.831824,414041.34255,370529.039183,123468.723728,90377.0056482,44.6065999996,-23.1120327181,115.011865552,-58.9910405399
6306548.90342,2979432.35315,539228.506122,-1783150.73617,-415246.212726,-751091.273894,985584.848248,-179722.484261,430754.224988,-229125.839753,328757.500923,-290039.66419,208876.938242,-140751.587894,48029.8353763,-119231.974445,-17.4478007106,5.07328718815,-50.3812288617,40.198316232
11918538.2368,10197736.3205,4651614.85077,945456.650461,574120.430146,90268.5261728,848508.798132,-384019.277203,-53212.2407353,423766.859835,823170.364769,114764.063301,219322.520207,160056.607774,236992.278333,88883.8791881,1.34604133441,-17.9837845676,69.9523516283,-125.627389783
11918538.2368,-10197736.3205,4651614.85077,-945456.650461,574120.430146,-90268.5261728,848508.798132,384019.277203,-53212.2407353,-423766.859835,823170.364769,-114764.063301,219322.520207,-160056.607774,236992.278333,-88883.8791881,1.34604133441,17.9837845676,-66.2120115874,16.7395281113
6306548.90342,-2979432.35315,539228.506122,1783150.73617,-415246.212726,751091.273894,985584.848248,179722.484261,430754.224988,229125.839753,328757.500923,290039.66419,208876.938242,140751.587894,48029.8353763,119231.974445,-17.4478007106,-5.07328718815,36.1652058523,-56.7384714406
17039967.1246,-9845412.77423,738017.672278,23540.8013015,1047422.33327,-924920.506903,493222.434712,-218263.550041,45625.1702177,-410118.249912,-2784.22684618,-158761.831824,414041.34255,-370529.039183,123468.723728,-90377.0056482,44.6065999996,23.1120327181,-91.1899648515,18.2728645752
-9265622.90847,-2146580.28511,2741784.21761,877871.32724,339052.998471,707636.686463,454945.960608,50416.2420557,745699.390686,-104607.821466,374969.272016,85924.101344,136926.585335,30025.1465166,184061.207253,-42394.0938632,-46.8986852861,-33.0691765057,100.674231144,-85.5299136745
-2457678.93091,1793757.40775,-629800.031248,1666234.30912,134651.353669,-283616.771448,219834.788824,508545.915779,-298263.884473,530869.219702,88363.0171711,390322.935853,236786.133417,390739.252301,67802.8318146,85201.7663618,35.8712365468,-30.4723022209,-83.4944353723,19.1727342649
4798393.19463,1043013.82975,2567295.54893,-330612.107121,303930.526357,236219.285844,615832.673455,-449912.537241,42577.7048627,-231272.691636,184127.019552,-391794.254219,427571.267034,142247.150374,181913.271187,-22898.1782592,-3.13460474472,-36.0204982969,91.7799269735,-139.988578057
-9481863.05958,-4544654.03208,-2113127.62889,-2289996.9091,-278720.848152,-940747.083573,112418.268466,-415304.955915,-319856.224276,-6520.93949541,358836.076644,-752810.071639,-3769.03809432,-249598.790191,121550.548517,-192677.884963,-31.0695738499,-37.2478269438,-71.2412594614,10.9600534731
9118881.86,-5537399.75341,-1103968.76252,-2374892.97152,1045594.57366,-1300560.78655,907502.797278,-330739.994744,-237519.668448,-652368.147213,474420.251914,-74780.3453475,376338.778811,-160504.329242,279526.5926,-154972.769848,0.745031982633,60.9692896342,-4.88814877909,-123.307491405
-3752234.71765,4352863.87999,-2966873.35644,-5834394.24877,293647.257185,-1255067.44559,10333.7217672,-948766.260011,170469.834021,-319452.455689,-347189.891022,-245753.282978,-308832.07675,-494930.043408,47376.8424165,-154858.291116,41.1245815034,36.4088873752,-156.92930244,-12.7104995193
-8169438.94314,10325044.2345,921383.560588,2280621.40239,439421.341292,531479.17225,541099.151527,761487.697089,-220843.68847,145485.424399,245998.182238,598347.673187,-75328.1267163,307248.876588,243934.396337,159329.557832,30.3058737974,3.08284162484,10.7508262397,-71.3599750544
9128329.4281,-6276396.82369,2694443.07132,-5038685.93188,1841457.61634,211461.93635,884865.147775,-442823.398615,1041138.22469,-108153.027709,211419.603909,-356995.098219,742548.404476,-299125.556824,228722.999041,-228009.331305,-67.7305990413,-2.34606990259,-132.087855337,-34.4752190415
6464564.22168,-2375544.10065,4056134.1327,-2743116.98948,366960.478002,431731.034999,831806.112271,-210454.235416,-90750.9203646,265235.168867,466192.335342,-245646.290388,188244.794327,-354748.244154,67649.3239487,-209146.185779,-22.0139688107,21.8748612536,131.884645667,-126.676792299
5725927.25353,-20210809.4142,-226035.801585,-798469.66331,166681.061518,-58573.5753771,-257430.084637,-122885.378572,-491607.077563,-202618.44407,-124315.695703,-495287.784959,-232330.787651,-129772.168655,35438.6493811,-273818.623379,8.25659945357,-6.64728028096,-127.53730065,52.3451699603
-4529931.46626,-7765600.64885,-1468806.55628,-343890.50507,-1418808.26424,-355600.042338,-44039.7662382,-287919.314494,-544217.040963,129101.600573,160630.737648,-731295.965706,-324712.244462,-504773.445079,-110412.320602,-350721.174269,35.3157920564,-46.9484743842,173.243774385,-178.437843204
-11128664.466,6532827.27958,-1303341.60547,3621237.38343,-680012.543228,450378.842233,48225.1940076,166224.060652,-516149.854691,-153353.281293,-50290.6292236,581248.923623,47315.9118216,178168.611953,-98183.1224323,204981.515332,-31.5878525934,-23.9331042589,-155.427950747,182.962470228
7045560.13599,565245.587808,-652380.237893,4277687.53391,59090.4508423,-1452768.61959,777841.358436,6733.87660065,531152.71887,225249.6421,70879.5232936,91676.0920863,230406.147961,65986.2289538,23645.0751989,66247.5256674,98.3140316999,-108.057280119,89.1181771497,-263.673050135
-15237247.1924,-12402708.902,-2263197.70357,-2978634.05664,441819.226888,-1576806.1025,218278.749708,-315375.700325,31849.4382322,-511352.711562,328876.152033,-444981.271701,253616.061203,35481.9737547,13791.1630758,-317070.628357,-47.0160798418,-29.7063348772,57.1515992731,218.992222035
12072534.4514,-866405.236573,-1891809.75092,-71660.9357366,1189371.29071,707603.786941,838605.197584,-212972.294107,1039592.48317,464428.158232,961346.952584,25551.6366793,443516.643296,401998.769771,212966.584098,271081.416542,-23.837620076,140.508720413,-23.0446555642,-121.217499773
7542630.37667,481706.200389,-2917815.95689,-1835859.13928,-200770.629218,170227.002357,-513514.495707,31729.9138016,-385230.38176,788366.060369,-659046.287108,42169.0544924,-364496.86214,67541.5362537,11891.6481197,131796.907576,-15.3000864288,-157.099713502,34.8136911845,-51.1339670756
5156645.58148,5174675.43967,-3584228.97795,-4220429.14306,-158358.617506,391621.585272,489615.109526,-411660.813825,-18028.2878323,-203843.804326,-208808.848099,-300073.313406,-238195.838191,-106883.437318,25819.3604068,-22273.4051946,-55.6489544497,34.6285423302,-113.120116713,-69.0352504538
2202417.2273,832638.505106,1831549.95063,180966.621878,394340.665817,-1626684.53061,506534.306122,403076.919887,-23243.078869,-27069.0414755,222154.955819,-221566.565674,174297.347295,-374498.565442,-50091.0202532,-260252.458703,-107.507975955,-75.8135066953,-20.3312500127,-128.662947809
-94421.8950309,-4300904.83274,-2586768.14948,-1319456.04849,-302326.33676,580579.110666,-248504.379311,-378553.481018,-93320.1874293,-482628.950701,38685.9245874,-1408.79890428,137295.295257,56427.2064684,312680.472204,12567.0246427,-84.1276659536,52.2117264544,-197.531251365,-37.1144215066
-2909419.46195,-693203.61471,857047.67239,170225.663917,102600.992426,422227.408383,705576.784977,354376.534003,810706.289264,348410.122688,208666.429771,61919.3009451,386630.991257,116984.034184,187145.518299,-24630.0651939,-24.3350581343,-48.6920038519,-22.9195403631,-84.5096681815
5544254.90964,1581387.14931,568652.677136,-1049810.86669,344099.855668,578571.55673,567309.311511,-541972.697236,272457.54842,318136.582143,-31501.7930836,-760.197222561,780664.338762,3591.98920398,195485.065738,181709.510313,-44.1742755647,-27.3755525289,-214.901425056,-60.2540587988
14457540.8805,-9004652.43458,4561768.01393,-2927456.7114,316307.586221,-1001053.48,626082.810677,-858035.411344,625252.471907,-760221.423016,609163.584049,-680112.407753,199697.16063,-383583.951144,47572.0205243,-126959.955694,-68.3644042033,-97.8049572803,-71.8063222081,-74.056307582
-12836944.0454,-2961688.86192,-1959608.33709,3016674.24504,-1327768.98258,-342784.869471,-268054.2606,241034.555629,-156557.276382,812855.237612,-499673.098878,347725.067143,-93376.6885963,-34577.4130168,35178.0215721,-93505.6104721,-172.166571656,-78.6075595658,-106.738836849,-30.8485855963
-17598448.9062,-1695845.13155,-3460696.64602,1894236.53495,-1270262.03455,-469234.800216,-316816.124599,-584425.947924,-793442.491695,-609566.910075,-674294.5338,-710608.713594,-664091.207716,-211903.707966,-322130.905275,-195775.111457,38.1997449877,-204.575125857,8.9051843493,-71.062734028
-441813.436789,-10259293.9347,-397203.987147,2141904.95081,310461.253495,-197861.876036,812769.307381,-50161.8178906,772912.184394,-1869.90025244,663013.664612,219354.430553,358146.542406,-457367.955026,228030.214533,-190633.207713,-48.4030422485,61.6962134435,-77.3439894678,176.414598651
14871411.4372,-6931429.20164,-4579446.21432,-1225012.42578,74136.5237687,-690911.3984,-8415.87317587,69325.5665756,-400005.472313,-369286.980776,-455865.357901,-471844.484742,-379052.094513,-263834.580731,-147408.754019,-184076.062095,-39.3275824124,112.745976596,82.0069237834,-177.632699227
-1572040.95186,-21521596.6992,-1751544.59189,-2754859.82824,-402222.106201,-277631.457962,705539.819526,-623251.212434,821433.383714,-857187.651388,306417.774034,-684196.604908,411925.310605,-848594.26455,140426.916809,-423333.647793,-176.084986999,163.476431777,147.619363893,89.3860798579
-2968404.28101,2583535.06114,-5901496.69774,1652340.17357,-171055.971401,616435.473086,-192927.64701,205826.629716,-440264.957062,708721.986702,-319915.382888,-31598.7700508,-423736.813706,363580.219824,-268455.615808,254862.958764,70.7213971923,66.0126287279,-14.2220421958,-47.4281406889
9306667.56724,8831480.20027,1537194.81797,1058113.31705,355928.306139,1587685.63205,374924.348107,-78469.0859677,573045.33346,-82702.1690309,830836.957567,195896.273703,489935.823223,756539.167466,340986.065249,231188.633082,-157.861447434,9.84032151394,129.564536666,32.9327437225
-9064434.36843,3176077.75721,-7985.02837996,27477.1622054,247745.158915,405716.594766,92711.4908907,239606.943268,-23742.3527864,976235.946185,-180980.093131,395938.761396,-241105.390417,395174.177716,-179473.094954,272667.38799,-74.3328884995,-13.465900095,-212.731369595,-86.8819854711
-5609188.56227,280405.679974,-2891157.81938,372865.889336,-1872221.37256,-955096.207959,-410440.470292,-760827.513679,-1001360.30299,-469053.099114,-503801.134343,-61719.3088194,-873645.635344,-260501.826829,-422410.473715,92541.1388868,-2.98807187819,-118.488573269,9.59092968659,-22.6132409677
-2823762.30571,466965.934795,-1662133.94101,-728465.625039,-873008.262541,-529273.144038,-661585.298887,-225925.505975,137051.321545,-348823.942076,-475761.220128,56967.3573956,-497449.921101,-188503.521696,-217971.588377,106085.034123,-114.952860445,-160.728912149,-10.607333081,108.836128084
8374234.58657,3946722.30263,1201112.45219,3759202.82061,149257.277515,-202607.97231,483098.283296,108451.290729,-46691.8491067,-23637.6108442,205690.64856,203620.383403,403246.709385,226283.741869,171301.341008,55344.0108205,-27.1780778395,-102.722924256,55.747348301,-165.476999816
13709259.3718,3324095.0847,794344.560902,2019520.93968,1445015.63178,-284825.010726,246172.89136,-306134.155992,931113.644308,-96539.3456943,-150511.822118,121056.707786,524056.552268,253396.589027,79323.5630352,228874.606587,-105.014445081,-86.0056450417,18.6774502956,25.5237868932
164436.921799,-6014775.2532,3532454.64103,-702776.436997,282334.660924,279415.880773,536039.90653,-60308.0306308,150690.995486,340989.16914,324863.044296,-804850.249227,427929.155023,153637.243036,168635.934672,-122889.336994,-224.870519825,39.5370794725,-168.139105281,-229.86027898
-15504120.6471,10868507.5373,-1884521.49026,4117351.22537,474212.282755,1137350.60427,-72508.9180589,206555.319911,-146645.442599,-1954.18003456,228843.936764,489519.742402,-202487.538966,382138.213009,-95442.674021,86108.1476054,88.497438962,-0.267422265629,170.995594579,-104.725675827
-209262.540233,2223165.31594,-1705337.09338,1110048.90282,-684170.743471,1404368.31146,-218408.832343,-312853.179016,-7474.41277213,611390.841034,-418277.137064,-171523.962368,-94326.9127581,50079.4036235,-24317.1872841,83780.2499197,-71.7366536613,69.1966245293,-300.347979893,-103.546392728
3643638.36758,-3201181.6712,-821275.036847,2905505.53771,79406.9249667,349645.509458,135635.857521,405574.811761,-432261.099716,109158.363835,54320.6568002,132750.508867,-125389.120822,-279986.922209,-9552.21328247,132688.144647,-7.75731485953,13.5417809662,-22.6925099675,-34.0419179881
-2343879.63419,1012428.09385,-3218367.72592,3209137.21156,-953367.349443,-497769.068149,-108838.004658,211306.430653,50386.6455762,3977.4134559,-439321.782512,263214.786628,315151.956806,102586.083279,-55806.6624927,45119.9438202,-144.7505369,-177.267755466,29.5443955713,-87.7250678425
2667569.62183,1463847.15317,-3194265.61783,-760745.630808,-422385.008986,-336342.09497,-292799.359468,-254903.473763,-147079.950037,-228986.825461,-254061.586844,171509.230096,-123210.368837,-434506.675326,-163826.186574,-121791.934738,93.9238261702,-57.2469475709,-47.8436011235,-61.1228171845
-4000390.38858,4011556.20386,-2564264.0129,44270.2650011,-508887.748354,-387471.128749,-500330.409113,-235934.213093,289952.060388,25386.7291654,-96861.5938072,119138.559978,3945.6703898,98327.0728327,181933.683409,-43076.4839006,-86.4673366264,-165.973963615,-39.3391199121,-79.9617857137
6443789.78279,-20682845.0165,5500460.4335,-3335219.22731,719936.643749,-758330.743908,554045.10455,-521931.187869,459487.24468,-177628.679007,282956.136797,-995165.544917,404069.416893,-345159.60208,245971.100365,-195602.25561,-73.8032757682,8.17068311988,-197.235647734,-73.4174282986
11531203.7921,-19900352.4638,5025352.70186,-3563628.83842,1264052.64873,-321104.456346,788971.320428,-1219888.96863,480382.182697,-515453.52519,579785.303963,-532053.17505,426592.136638,-459688.503183,93996.8536134,-122415.281481,-88.5448151936,-88.4343239071,-223.513985596,-111.442492331
3568893.81297,-9368990.18766,3262070.26996,3378167.30466,-340216.889718,-148169.17805,52639.5091505,562434.4668,109383.515349,605009.258992,-179768.229459,541762.63082,-172346.439107,406091.789142,36324.1097782,242029.356952,-152.749896226,-95.3519692501,-186.699880347,63.0896852593
9397311.37222,-10736114.6008,-4083751.58808,1904069.32231,293868.39306,-137746.49145,-134133.096865,-89330.4309993,-323317.761803,-109547.43256,-95464.0743741,22420.1621353,-206516.872001,207978.814898,-84263.8156885,-140650.057884,78.1759500152,-50.9484310347,-91.8607579018,-64.723044011
1890336.0925,5664147.37577,-1169914.5316,2361431.17211,601317.002553,-226132.14172,115849.421577,280902.965303,262184.983725,2407.67648199,-1295.35912996,360129.178985,-433496.296644,-101467.524465,-214095.829777,194463.732021,66.1413948746,-85.4829487115,26.4635641126,46.9921622621
5288857.7225,3680766.34955,-126271.877608,417582.29215,1058053.39001,465877.24779,275670.229351,116079.459931,293774.041067,235758.612772,-164081.721243,426678.978016,225353.658649,210646.99313,142942.914933,244426.441942,97.2731349781,82.8224505619,-43.3758104133,61.3326909865
1885695.94204,-1465461.44541,1870744.7013,-4295998.76142,356249.217809,-510319.645371,-174193.249727,-164190.286493,310104.837031,-471238.466778,-268639.146136,-618492.590173,13296.3112354,-210020.270749,-12796.7563838,-7402.09332989,-21.9963495777,39.585651359,-111.979651519,58.4919938925
-3922086.76862,-9895993.60796,-693918.396878,3408600.90859,-467140.534962,586164.830614,42312.8670037,-25475.4257069,-64745.5615182,216672.877565,241760.618349,7104.30355042,-80484.8249875,269184.335091,-3278.70583671,132616.827381,-14.4149499394,65.4923265131,-99.796561294,-98.3958797029
15412843.6902,-6875821.76818,-1438616.963,14731.7500181,498562.954162,905762.268367,-797658.947884,-115900.001024,-90987.8892327,-366972.262845,137630.611862,-270502.069631,112108.454841,193116.988155,385007.684723,32238.6160516,2.07233905624,122.74468934,15.0146220053,75.5150901915
-441593.422937,-2013257.6945,2233259.85387,1121472.72299,-517705.5018,-650259.952778,1232359.80415,-44826.3733618,570167.611408,289372.599931,442985.178148,306324.27346,218368.275206,188427.804835,519486.797599,46156.5605145,-50.3634604049,-23.6571456497,-46.4497583008,74.7113268484
1106267.91893,-5281355.29601,-6022033.56042,-1615181.99623,143881.461887,-490053.673818,165461.424705,-6488.58752197,-274952.899685,-350989.826909,-399943.354551,-40629.5753898,389692.204012,-179830.461613,-14041.2234605,-64162.1457907,76.2025014349,65.0436658957,171.850957885,76.7798891939
323063.071525,1950459.32325,710859.288891,-5337718.55323,74054.2669408,-1572694.59405,573006.355977,-860918.044819,386918.951205,-502040.910342,529643.335865,-484319.043638,-106510.123466,-795547.019346,39629.1530856,-327912.912297,-29.0955975931,31.9665326364,-113.474566784,29.5995722371
-5783078.7993,1395530.13147,-4587533.218,292710.267287,309265.747155,278128.498936,-711189.391447,616755.899961,-91642.790525,439272.806081,-521892.994684,531045.392772,-170918.27246,357666.256069,8336.97049957,153588.256102,-53.4259973665,24.8665789204,59.7678113234,8.79746281402
1896680.82784,3993369.08127,365738.383287,-56526.4035878,60179.1968059,1052821.37468,295154.390101,-127922.424482,109336.873197,210472.365912,-489324.64763,76641.7982557,21861.1754168,-62803.2781904,57786.0441448,54943.3510579,-5.24638324611,60.7730952143,-84.0285499726,49.4390651591
-14206732.4945,-3254084.78233,1210565.83382,-119641.171468,180547.49008,705955.014901,-104746.98126,191276.938156,115484.896676,409884.76442,6283.03727784,426252.319151,61388.7714467,44957.4522148,62827.9249958,422998.948365,-64.3230500336,36.4036198646,-21.8311066301,-47.5202106917
-3747617.60132,-4687812.10901,587538.536297,1096875.46262,-282436.741011,-7505.6968725,50329.7168637,184012.939119,-197395.934464,-1895.96890442,1221.87352919,116947.979731,160931.058665,313390.107779,148314.881418,13738.7714914,21.3032323921,53.9381376498,-7.71279348815,54.6833200862
-5149200.20799,-14397990.9416,259442.301237,-122122.564495,-193198.343416,-398535.160636,-51243.9501622,-168693.638729,207931.869677,-103195.171015,-252628.429916,-403199.386102,-20230.9023353,-279223.184669,-53629.4675623,-189269.953596,6.71449015248,-14.6263626864,-99.2068629127,20.4882831641
3529160.38186,9693540.94879,-848479.271755,2287557.6845,-278744.408226,-794747.950673,187619.26004,-225100.931312,-124315.867737,247085.66141,-42926.4864129,-486759.214441,-62118.3419621,8929.05522397,84655.3863571,-859.002758622,11.4250971515,-39.7722147733,39.4490436706,-110.691697113
4604385.13832,2733775.8248,-2453677.3072,2525780.63154,399772.01735,336085.693116,-17125.6202537,746019.863801,299605.746006,-142711.25512,144477.313365,415847.440277,-69968.4410711,310172.156245,-51585.0571015,122337.429552,-1.31105327055,31.3726343053,-33.5332551395,61.7070140652
179722.58985,2548201.21177,-3926712.01592,-2197467.96253,-998860.105089,-743884.244912,-659469.780155,-34519.9581503,-51323.0218401,147122.894092,-764995.06653,13633.7393181,-507947.520047,-231442.264014,-339252.362691,-138165.072407,-14.2900975093,29.1994927323,-95.9229057679,-136.824061626
-7678436.85258,-11338562.9254,-2890626.16015,-422623.631421,498976.504794,-518627.137549,4331.93938975,-52690.2763294,94557.4698437,-591172.527455,149559.683506,-56270.07744,-8980.6250793,-143114.572274,-42836.0162929,33333.5499506,-25.198225027,30.0605697259,41.2162220552,79.429603013
-4886818.57398,10647058.1698,-2735158.01956,2639010.61006,-145790.516173,1111753.10198,-438206.211457,830358.290435,128958.690399,806831.09019,-562217.621101,589215.681722,-395638.994409,824070.72919,-32982.8678108,368991.780379,-0.0923298556728,33.8237150698,-132.494345169,-26.5772124486
15954439.972,7508140.6073,3822877.1196,3858086.90806,1860638.26508,1865324.22767,1542517.50434,339393.63673,387101.747127,-39119.1283378,1193400.64299,257113.343117,958644.017096,589854.10081,575027.576238,393417.24013,5.52072008569,12.7869212473,70.2302599642,-20.4087425657
6279496.0132,5345703.06028,-4838555.32466,5106163.32141,-279258.159234,270333.562323,-225044.267996,286906.290668,256407.024615,620631.582302,-542889.583284,634666.395219,-318266.02061,5834.38368383,18799.8927549,359300.4073,29.2503862196,37.1500210955,-66.1608038368,26.0823791143
-14171776.6249,-4906444.63144,-4371709.43742,-675693.18778,-442630.950639,-487359.527063,-555177.347204,198236.064933,-865735.279731,55182.7333722,-475274.822712,-483885.343463,-380187.143149,48526.751337,-24844.0942242,165757.195839,-17.603253821,-5.34207387818,-19.8883984565,-96.185635203
6864920.21046,976236.288965,-1880409.94756,-898769.577032,-174506.188347,-218014.875044,274883.762439,465585.692176,274174.611881,-384366.021211,199967.030279,623109.57883,70729.251335,-157248.641215,-46659.3696015,-133087.348057,-5.35847057292,35.538152187,-10.2698465812,52.6530039834
1799218.96852,-3894355.17177,1025375.08353,-693495.147983,252025.852099,1424532.75156,-231541.876117,629897.366575,121322.425548,642327.088467,-367792.202946,180862.132887,282282.763148,111915.419639,188076.051375,48999.4581367,-71.2673295262,-16.524337816,-99.181484723,-29.7635378533
10004316.0494,-1112706.55031,5062584.18387,-2975561.75654,808264.27647,-575617.839102,333639.440969,-297776.291558,660169.966913,-658381.705548,789718.737019,-266295.871746,648535.52468,-451992.199794,250299.822524,-177586.12807,-6.50122165733,22.4856831825,-3.63432753527,-60.959584066
-9158289.63138,-3569890.44126,1636603.61031,3652538.61913,-228447.258235,139076.067824,310950.867163,323102.595884,151888.412175,478174.164187,-240862.458504,220533.531862,325486.278242,-53005.9034279,-37791.270551,36855.0001145,59.7019418781,4.89111413332,38.6449430694,68.4365384078
3594104.93563,10100444.3045,-2064451.09812,1942075.91563,-1192088.16295,-693561.093791,-555865.72737,-672445.186048,-690350.265902,-409108.556765,-525649.663226,-191547.547143,-368904.522904,-277355.366566,-191910.80593,-241921.174926,103.257557026,-23.1897763151,-19.5157251324,-222.763181866
-12841123.657,17332192.7688,-1964617.45681,8070452.21252,452105.239519,590302.995988,466573.655353,1215704.46565,260769.181829,506959.432647,-150536.129764,772799.551584,-72573.0668388,559111.83353,307899.961209,184183.246711,-14.9713774612,111.829517405,164.951368436,167.630015863
-779131.251711,-8474685.18126,-3471139.72558,3186076.09397,472096.462116,-324777.946868,-3342.62204993,882597.727993,-559765.473677,428745.999913,-484948.006622,-132955.165941,-472510.419215,231028.508798,-154698.766114,50417.522147,-29.0562964648,23.3476271832,-55.8352897021,-191.82131296
2008388.78073,1124024.31321,1365564.10852,2235098.27327,1592096.46711,-204169.179075,668707.655304,187859.645637,716626.731021,-493162.760163,669626.283012,291417.56029,400797.558435,-273947.700255,284759.963642,109768.34507,45.3565519646,118.510288887,161.117647442,-45.3423365526
6699807.08072,-7591596.37955,1222872.41313,4126540.66685,362988.168376,864741.313219,35521.0402287,1216967.94285,50901.8137745,935542.153651,300490.723773,628557.46206,-242545.704217,270005.843079,-6560.23480713,189003.558221,28.2868935208,19.2312933262,-96.4365907933,30.2733526379
-5268773.4682,20133066.2376,-1979480.10304,2217980.6633,204454.729471,1583081.81428,-184713.434615,863134.476782,-138822.609189,-13530.5100603,137437.97305,247866.15326,10029.6109603,269394.821586,203143.623568,227403.535847,-198.96331475,78.0673673105,51.3048582369,-102.161160208
601080.447787,-5616951.69522,3107498.4811,469983.141038,-115635.651104,883412.859786,566018.096439,205939.293896,507129.39058,266991.617392,74297.4772548,372243.505918,190241.656141,24921.4833684,33343.4916974,309898.048146,-117.034519759,21.8682105306,-83.3901383141,-91.3653949176
-3260297.61779,2797154.4541,-6576074.84909,3476303.54397,-1181518.76974,14273.3474207,-934450.119415,660568.902231,-1002055.09474,303234.50277,-981571.862229,902846.216877,-768554.605059,530468.382762,-438901.690585,362625.731362,53.1448073916,-110.291002267,-271.359892423,-235.106818579
-2227173.11803,-1173145.75479,1119006.09112,-2262540.83492,-1712320.62492,-1015267.22512,252030.084468,-114161.315627,-200120.835664,-741866.003842,-714013.90123,-224034.461447,-302425.100325,403921.122808,-195377.744416,-30296.2024572,-94.6442897002,-70.8011545605,-20.040614317,-114.752042935
5117401.85029,-4168249.77067,-1384292.25907,1060644.89985,40816.7636136,-549154.078116,355323.471785,333853.202392,-129667.844313,149737.55758,130867.442256,-195916.715604,41841.6651874,-268281.715117,-51119.743096,-243498.502504,83.6522466858,51.1333909683,-111.941662901,-51.1754382504
15371266.9174,8163577.27185,2021197.17783,35605.7270116,1375920.2272,142376.125035,443535.37579,-37639.4193157,346510.848903,-420581.950304,339731.908689,-211423.109974,199392.508309,20549.2121344,321707.990791,-44801.0033983,8.45741266534,106.448851217,61.9038338993,167.534417232
674024.071267,13194741.1627,5852968.49934,301220.931445,1017906.27533,-282869.572474,1012792.65662,157603.860942,1084544.1597,269226.23471,771869.236428,84915.0449946,779663.940554,63524.5983747,575802.534267,-125986.719252,174.335036363,-188.105385971,2.1714381378,-53.2105401677
12593345.0995,1656022.45494,5187165.3909,3072589.94729,151444.370105,-233459.450069,674622.856849,649876.742173,43144.9281342,57760.8481842,491644.012831,217555.247712,556478.321455,18158.0130992,283600.306034,104322.051772,118.825808042,-301.798144419,119.148803112,-123.590079052
91665.4255509,8962074.79165,2093038.57833,4528671.64268,-334446.580389,1170708.66614,107300.453554,309165.743503,656859.060998,600883.617895,172270.307198,261152.116947,-174387.878673,320382.117726,92143.9767386,172634.325595,-37.0465754012,-421.859699495,129.035362741,-233.184285275
11811439.3708,-11745300.5836,2040502.20327,5704242.19848,369114.437223,1056571.94997,302215.837931,1717890.05031,-123175.524872,1147457.69077,427846.362572,1116176.62541,579624.446428,528636.378594,381272.42648,284334.094163,-10.9775555865,-142.329137365,-3.38702491954,-105.246503808
-3694706.10765,-1136891.30975,-4369179.59962,1625439.05209,-912561.419579,-95391.3057158,-201859.048125,-71730.6808269,-108976.948028,-583865.805518,-808678.559714,142579.829984,-352249.002854,-161207.826942,-68746.1131921,65432.6475282,326.768605956,-193.543564132,-130.016698503,-298.92458685
7580689.33625,-1639949.43463,2441756.05623,-3515437.86497,102843.104324,-1814776.38326,71867.485982,361010.640945,-203553.077111,148180.292128,227965.486659,-274290.903052,501033.806028,-452963.531484,121387.889698,-139391.260213,-167.075606906,-427.731119046,-346.884178358,-105.106804461
-12876337.0019,10372016.7634,-1962489.28998,58484.7604981,-755266.39763,-84516.1652387,-387805.72519,285823.499552,-563467.59549,-810118.518125,-355804.774775,195993.865764,-389629.985682,-75969.4382315,-318422.015871,-266467.624156,70.3496852164,28.5769062483,-22.1719755698,-61.2718728537
1462950.61846,6185221.78048,3107814.53553,-28061.6303051,723942.52742,-20245.5023329,474327.280436,280489.383721,527202.329678,193653.660596,-16507.9716517,-40822.0516826,108164.775332,184156.675507,53795.4410187,-105571.161479,-166.929034074,-195.470551971,-224.709305979,-408.988155082
-3255797.42061,-7382077.38607,2251349.63333,-340853.220616,611212.886942,16106.0123431,717212.303592,19517.4852364,247377.385795,-228046.312896,446333.83472,-11372.1642697,180498.138306,-187789.734915,233805.904966,-11591.0644448,-73.8881878118,161.701248031,-61.4952948194,229.929381877
-5095286.45845,-9582181.11059,674530.507127,2175994.552,175404.898358,459152.77291,788955.275684,490629.25684,464975.323365,221816.810422,501423.018786,511441.236329,-138503.19457,617873.311719,78581.8111951,504313.509869,22.2970280656,-179.151020628,281.263525919,158.45289786
-16084317.767,2294728.47803,-151218.164416,1264510.40937,-492305.203241,1111466.89014,457296.150978,583304.631621,-601241.99882,281235.879876,-366326.704657,521744.973051,-268096.199481,54718.8384848,-94372.5372548,94761.0215133,-260.079945812,-269.55156635,-74.8253182952,-442.83929721
-3898657.12588,-10955355.6106,-2113.78764154,-1674200.89191,-742904.117326,408463.875108,24966.8727424,289955.568625,-188885.762542,-434578.929351,-245748.60421,-100166.623522,-503676.69938,-183448.243316,-887.611848813,43629.271746,-373.366463406,-259.818791429,-66.9052402633,-49.5450035288
13504697.7734,1673014.0637,427794.054219,682840.101065,920502.448233,129616.729885,74403.1303461,1131250.56324,216641.053137,433501.661985,235050.700995,292603.055217,380062.671898,406706.965952,302592.1647,167776.394191,167.236421701,305.76243005,-46.9688135204,130.076418832
7029086.98311,-2401124.75774,7124521.44138,-2568794.74139,302745.71322,-1286947.73691,851024.797761,-290267.716093,503980.099353,-688366.509446,600912.907827,-420951.031003,750822.798187,-569837.744639,315620.11817,-90130.09899,83.5807792965,-482.734354167,-208.490527551,-291.564681848
3433135.33861,-1694447.51415,1684022.22776,2671139.30929,-920935.423947,1006021.56295,-33540.0561509,770227.229811,165355.25338,423730.083863,71013.2277178,541157.782215,-211874.496922,170410.221087,-191258.80016,108353.060625,-664.200879445,-295.921316851,-306.307142323,-83.08647991
-10032023.3555,6945212.39474,1610106.08858,2086010.21651,-767554.551897,-507266.556473,-163427.627817,116020.927878,-424949.168786,41142.5759323,-22044.3574716,-225727.612814,-56650.5537111,213679.913076,112969.193604,143507.838014,-242.784728729,-471.989874714,-75.0239917285,-107.790847989
-480159.172087,5906577.30365,75935.2518705,4083660.17169,-437559.674099,1044938.62491,1176783.67549,696682.553661,653544.492995,409594.380906,847711.101667,603717.893527,491369.758243,546884.300892,275202.497211,175617.157153,-116.707163228,249.942195707,-346.31810389,235.575696005
3118595.48443,3921448.20005,-6629215.94473,1230906.91625,162389.6785,-693816.277423,291079.128252,518278.282974,-587079.815838,720730.659122,-521006.615899,751311.270185,-51642.6253018,54735.5447854,70837.6339185,231737.681399,313.542965798,541.670673745,-346.651645411,553.173493978
-13258255.1526,-4870213.35225,-952867.698302,-1166175.60841,1482.69169646,-488448.465896,189132.78164,261741.484116,-107191.987099,-591879.114965,45964.4932237,-237187.794601,-90085.8779012,-128758.019059,-45013.3622598,33651.3585686,-515.7042887,-237.742107603,155.397411895,-98.0817825461
13252351.364,-2352844.33804,3406163.7694,-262210.782538,1404770.19239,107517.472961,1480193.74622,1013345.55059,649321.784094,493001.428794,844402.794023,798146.408492,457479.003753,51699.4117042,307199.63478,58880.9894353,-160.431173204,336.601523757,-177.552118027,15.0213099531
-2630048.438,1550687.60209,-545895.070287,-4460397.85771,-117413.551833,-38457.2479652,-222420.319182,-300343.048894,-185358.249684,-260256.592095,-25664.4716896,-567353.711196,208164.016246,-423966.392976,124851.369766,-238869.785955,-331.245302315,-60.5215988903,160.864756835,93.0245694531
10019873.3468,-12136318.9131,9391672.5908,275679.293623,869878.832788,692504.749043,1300031.59272,969950.874783,1229821.58905,259491.114082,743418.836442,347512.085823,373380.633571,292366.979541,525650.628759,228430.352134,-708.680666699,-83.9276001359,111.28885657,-755.098416444
-10861972.7777,13821170.3776,-626555.468343,4800720.62491,-154407.39454,976187.488036,293088.591369,530884.913055,-267856.831411,533565.598287,-358514.098928,389900.045331,264262.252783,435751.633297,46669.0408664,317260.420007,32.6290162095,-119.449622377,-225.376920208,-750.289675898
2904926.47042,-1577258.61371,2494523.12573,840221.775622,-778442.130109,453052.88847,825061.872044,211076.055528,255358.607205,22353.3384982,432838.874124,372743.456088,-304730.826955,174712.924299,-52731.5092524,42849.7855405,-176.26256424,-425.665339726,-644.969173298,-273.494828802
-9951419.36997,-464918.716027,-3034840.80053,5085074.00928,-1301599.21194,614866.596589,134558.99689,683753.846139,-544847.996284,504047.608304,-448531.352842,628115.057592,-365274.234622,410015.150455,-294812.92356,141514.04507,380.125916772,-525.337452813,-255.417427526,-588.546390199
-168738.447038,6575855.72474,1624181.19684,-983599.630062,-308260.480999,-1237103.58392,854245.563567,20846.0370103,-58373.2232367,-807547.110309,273737.630998,-573738.490188,-56133.1777899,-145883.187643,238003.941553,-182217.995916,-310.306077226,-708.803149147,187.932686487,-509.068132116
468549.717446,-6893765.20843,5563897.2782,-4114140.06333,757119.232254,-609353.894646,1192177.40446,-385990.270872,1121579.06599,-236132.616934,914574.947145,-342364.14473,770226.824855,-578417.099391,322852.375617,-17596.1840855,-348.891353038,265.972266825,-189.617959584,149.583859357
-4603639.76767,-2221447.80903,1529985.07072,4795512.445,766746.36774,14128.1803013,346549.54286,506720.958129,65046.2662527,79886.9681986,223189.322599,917630.501874,-63729.4664264,438205.856227,69736.4983557,448221.596813,593.390854978,-175.102780614,-395.229383543,290.882319942
-9221483.93259,2970080.1627,-4381680.97782,5591430.70795,-862390.353579,1185779.87705,40674.8350393,555568.747636,397361.505038,293444.240442,-120054.694926,342450.440641,162824.692407,938080.014668,-78500.4545712,251449.013507,-322.871926888,116.857522821,923.560891378,156.498072288
9662098.12466,-9287434.86056,860988.123707,5214026.05992,368916.76936,812549.938065,934724.057973,708387.132259,-57615.9211792,481735.823334,543719.921306,439148.208363,281495.001903,508996.05769,320777.623963,449689.170789,-110.658464291,-180.762840386,143.617709552,-418.326710679
10463387.3928,-2324126.29152,-2220479.77398,1151179.16433,575795.213659,255063.995768,627541.312902,192455.116559,158841.343127,-82184.2145351,150554.231151,439492.210253,-109460.335167,169442.981076,158241.964501,157324.395893,306.822220411,-274.99142903,-700.488455312,195.532709431
10174697.7135,-7693414.47652,850803.995088,-4712219.26628,-33270.7944582,-881192.391106,859570.52781,306102.856663,-349433.687309,-172342.104063,578226.208553,-306457.911259,415988.858261,-674068.962534,167241.104972,-26314.9803986,48.2373501801,96.2815252513,154.908194717,-18.3287159855
643215.766565,-3616427.45209,1915538.72432,-1971149.05861,-94809.6662876,89268.6579839,818457.474285,114432.349634,30276.2930557,-1085002.37128,486975.227225,-191960.133548,645119.936889,-570881.184959,235869.292828,-233672.288861,-284.342111961,33.3848228295,446.722769774,-384.014684177
-11383118.584,-113983.975411,1582838.92874,-1809498.32761,205080.404028,47484.1373597,256636.396936,334487.238694,411565.618831,96060.5139321,340933.042809,-296565.509468,224509.321505,-193622.784093,199887.50723,-172481.486621,276.772156081,-453.164633161,-396.660521886,-165.785326477
11658670.1407,14232926.2031,5893760.38878,3948226.81067,861516.331165,1416120.07747,1472948.8447,295801.683986,259398.971229,192853.462431,643784.075301,1058477.44822,782028.777413,477563.984109,360441.406269,193134.139817,243.465264045,-28.2658108591,-182.767326316,135.934513098
14561218.7792,9374932.27881,2694535.472,2588273.52842,289976.480616,131831.660971,905452.331534,204325.262206,394719.701337,93877.0482562,113533.759856,483855.109072,266732.615928,196649.899809,210067.093742,121592.060251,-83.4795433337,-74.9941149051,-525.818184268,117.803804538
-2168304.13254,-983764.24927,2235573.15935,3858611.34332,-258660.441688,-592191.892679,632859.478207,-373780.312112,-461561.878649,129592.06198,396921.876686,-270241.898336,-379496.328812,-119279.924903,-108743.312728,-23658.7197532,326.244946589,-1139.82825558,-28.4252060364,-659.694330297
8069098.09727,7930713.2305,2967680.71806,5176393.66488,680487.300765,784816.594789,867621.977783,314378.689509,278989.90291,-69172.2687305,582210.958851,178301.078422,166345.154639,420423.031127,319359.913332,159008.626035,-23.0051324772,-297.910476759,296.598971029,-497.122204415
4470167.44376,2359759.52296,859828.468405,2715686.34134,120863.680993,221118.437907,1106093.10336,151794.934852,237749.279189,587252.983617,274564.567466,396476.340108,-105388.570998,-190982.204681,271320.012642,-29430.7559666,-557.901870813,-545.321925338,-261.457334996,282.869947216
5249318.08066,-1788936.40594,5508921.60456,2468219.30655,1550602.81834,926164.807423,1095920.79757,261359.730548,116086.73397,-205320.695753,595165.182776,304713.38913,331368.483592,65294.2029768,560346.286044,309791.181327,-406.162759896,40.4885427548,-655.270959128,-408.774327861
222180.128177,-1400929.36775,2205583.65859,2169042.4045,180249.148124,-30548.6906383,1015140.48274,1037779.24145,911179.169319,319919.556559,1221877.57511,317753.188494,403186.081335,101911.386332,192689.377717,153798.279278,-1009.21294088,-100.811467772,158.96115419,5.07192872082
-175052.447303,13212787.2209,3100482.84534,2103647.87506,32533.5295801,872272.141237,623127.192428,426479.497949,-209409.488295,606633.362313,316228.479702,638919.07528,565085.642892,573046.164147,236699.557976,216342.510312,-282.047565488,150.260992179,-227.508545996,-325.869043156
1695505.69798,-483204.257267,1855169.98976,3004710.09144,843755.419319,697534.433644,979876.739707,-158146.751552,412815.986143,123300.221979,200688.628124,-217679.719365,-27074.7362231,454188.842368,-143200.972535,156289.659572,511.991797598,-306.443658475,-874.619084658,-521.364922756
-1589571.35477,4192229.00699,-2685506.98911,1223144.10699,-141517.157211,-56267.6811969,323912.175543,532143.604223,-726095.171816,634439.916441,-101468.680653,574479.750035,-313833.363706,384471.647473,-52722.6111958,301981.772889,-139.957680943,100.00923762,-135.613939078,853.278495162
-7858695.03814,-13038076.242,-5445207.6127,-4490626.29186,-1709346.51409,-548081.887856,-181340.186948,-895667.558895,-837675.260375,-1130599.56475,-992910.996313,-981718.159439,-938036.299233,-132707.67576,-474323.369371,-55743.3720469,-900.26993153,457.758399228,297.150586715,-252.86517457
5734911.72538,2212691.19055,4887501.73052,-1375264.558,461165.084747,-852178.001048,1602290.42743,315848.802581,674389.157954,203238.294024,1001234.89097,274947.591534,304478.712956,-618001.407425,435499.745089,-340232.474463,-154.369000071,596.275236458,213.873717506,243.908343997
-4962856.96132,-11393488.1389,2596332.32198,-3464942.63396,335613.62021,-861903.975705,-153340.370229,-333647.98749,-367106.336565,-1362950.61262,-162813.839811,-744862.706861,82035.411194,-299502.193686,380533.117613,-194648.31273,-22.581115355,383.138726116,508.578863489,-436.855903518
