100297936.0,0.0,20959167.0,0.0,4547264.0,0.0,3575967.0,0.0,3998951.0,0.0,4550712.0,0.0,3032248.0,0.0,2134466.0,0.0,15830.0,0.0,11220.0,0.0
-11798027.6334,20479104.5947,-2735010.32736,3837944.572,-52181.4904067,308949.401891,-159259.293807,275418.81198,-413533.276062,-104716.563978,-465655.283331,8374.47557782,-13217.5025253,239067.76471,-213576.233884,100212.702113,575.224716962,-203.621513934,516.447153078,-784.742053313
-11045930.322,-23483601.6705,-614277.55592,-5983144.64423,-136207.845211,-758377.404387,-479082.577341,-600809.418556,-1036604.59846,-733272.782637,-1056123.81756,-640979.015997,-16130.1221197,-460537.787144,-145924.719855,-298267.880983,263.853272808,290.858951554,-291.348526465,829.721663409
1529113.1115,17131002.6591,1418900.8803,2171180.93212,-171840.419636,660115.476065,159621.235087,454363.210138,192045.711571,769146.201077,73544.0245853,796071.952834,253536.633753,245944.65501,23310.1802707,260273.59743,-58.0607051429,-306.195522188,-106.32364674,-294.319836308
-1055013.25937,-3057509.9047,-1663660.1782,486313.840903,209193.248367,-373926.325091,119514.087225,-64840.9689962,570359.140984,-182976.41696,525481.318143,58762.9121848,180883.814713,210157.455439,46551.6760517,72497.9149248,366.130202757,-457.490719689,550.644406335,209.061166649
11431984.6906,-3352076.19808,1075010.07597,848793.25532,355800.696607,209654.433652,110459.569924,106006.892525,-116950.294149,-293561.226006,-36042.3319283,-389586.176982,110682.271867,99414.8511377,85017.0766357,98077.2244783,-441.640255955,-103.850563213,-850.764376096,373.284678829
10909647.7771,7419038.79694,1689028.47046,2841929.30146,-64819.7448986,422017.097808,-105321.431699,384291.396836,-907235.004814,276723.510724,-579496.819726,166832.848268,272805.053131,232050.658046,21262.1423202,-83095.7319255,-815.931984152,113.902028839,-703.096433547,-545.95596302
-2467866.7126,18634432.6691,409667.816089,3650833.01041,393042.169533,894901.705776,244577.784843,832189.21085,478283.792339,936111.446316,201743.577168,945686.098999,168140.514127,585355.771561,93704.0124417,302756.081353,-603.764151177,502.757796188,-646.437904396,-1056.65636158
9833289.11778,4608956.27602,3804493.97644,1528436.6797,723346.89581,418454.502563,603572.527478,345650.178448,1034324.14258,180551.173532,711570.568845,30992.507486,515249.772769,104986.746427,114351.3586,158956.878712,-771.857801794,442.426076934,-1798.83419669,3.25996788717
3113843.05356,3163017.50079,2045043.24581,-142695.934044,263806.218083,-102524.337239,249646.810256,-341588.402846,44281.7790754,-752472.923688,179369.099161,-590018.364225,443980.534535,59692.0519245,263983.671428,-57566.5757385,-395.043373386,168.215526692,104.545526101,229.952855409
-9069733.71521,-6817868.03858,-1418051.17291,-107533.388577,-404806.655564,-254824.790349,-477522.937234,-38166.9805399,-1066462.18329,-218010.759841,-729858.716294,-135568.860749,-231606.497574,-97928.8111891,-144847.610337,-60306.9936396,-149.123572528,489.328421105,35.2001954895,-410.575622815
9562527.31982,-4176356.71873,-459810.112312,-2509607.86056,123061.92092,-91696.4968557,97002.0162825,-134315.545908,585894.895837,161433.021044,226401.203363,76599.460628,331319.005636,-220883.17771,-60782.9029428,-155582.078339,-371.402092148,300.853053373,-287.177506101,628.71147583
3995185.10978,3252592.32733,1596850.61735,1272684.61028,135938.407828,-99897.0902291,390844.324873,104355.999924,652367.713151,-91366.093098,595702.216888,-110460.548076,96443.5382596,282338.611118,40439.3287236,47694.8976254,-771.517278328,40.4096661863,-126.761294975,472.848480276
-12138833.3819,11212807.3435,-5025252.95216,3126378.60821,-743955.629904,130339.340079,-966499.457808,400331.04752,-1023607.93639,-239775.782266,-771682.434615,-347781.784669,-466984.655956,207491.431131,-295535.049355,87181.7092484,-468.433122437,252.8929175,522.36846105,-779.209070496
-4306480.89801,18410856.5221,-557394.015112,1740467.71712,-395925.837976,982797.301237,-468592.972618,266374.654484,-830447.82144,426288.763554,-686141.381444,510797.825121,5071.43525177,252872.47577,50699.5187371,151087.542927,35.7578794631,605.52114158,-766.954963892,-1.49402206831
10390864.2607,1473738.58003,2284990.67371,2228053.77112,469270.861883,358946.200008,481732.876896,421865.869714,919823.63834,670199.963602,533013.950336,536771.681033,413143.352391,426666.621932,95092.9636616,77084.6056137,-60.5860224021,267.540564369,-169.159970124,693.241102689
2974303.65061,4116608.9861,971266.567485,2480584.55911,582562.462496,233064.551163,488915.537978,263041.800065,768167.334436,197418.300573,868590.01116,-89038.539875,261049.153867,345847.69988,105286.169464,136840.110701,-164.773421317,167.646248559,-147.454182466,-476.75286775
1286757.41742,-14854825.4358,952972.122124,-1949822.15683,98625.8338576,-541167.964329,-22816.9825225,-218614.304162,-329646.752203,-906418.954706,-359813.394315,-629260.260603,137761.183375,-329986.302,-17478.0261014,-84317.7447101,-490.278361969,36.4283309155,388.443707709,536.576551905
7641588.85198,10785385.656,313408.811179,286984.119232,-29026.1256106,46887.4260894,-379466.985364,15029.9854871,-496131.035246,181776.12052,-315868.781545,152310.244004,-13361.5474856,126779.242323,-47244.4940963,-33769.5394123,-303.19022927,-86.9490687907,304.313562352,-29.5555777297
-12957551.4927,2476050.13458,-2517015.76505,-371023.42951,-232134.809738,-8706.25721735,-226184.713377,-33747.9043256,225160.695853,209618.217645,186115.824728,458295.175265,-118714.618968,-76011.6892017,-21153.6460614,-73623.564441,-455.282505352,69.1636311927,-154.456392029,-352.969405089
6166715.02315,-5763293.93306,-232128.399963,19644.0961799,-166242.4316,-130582.388957,-13904.5351773,-79264.145367,582892.40096,-306224.330957,389950.273283,-618700.0801,181089.081609,-141726.928396,16279.0209436,-92847.0094337,-48.2721939278,384.408783703,-528.66873075,106.803968043
-15640493.6811,316658.850392,-4622628.19389,-734398.400405,-1000430.59982,-694636.250037,-844827.811884,-379369.07112,-1272368.24977,-548665.091901,-788090.840708,-734666.214241,-511851.279049,47066.1470131,-294876.395842,-160594.516016,-332.857291399,37.2008372755,132.516612478,-182.092674641
3388814.26076,7087284.67681,1093817.32439,3165602.55681,68785.7003353,720307.248202,45280.2606442,415801.574404,-338656.594431,529154.111233,-360585.511134,665061.743095,-37325.8480772,287890.618151,39585.7769957,204992.58478,-341.34262441,-116.9975222,-496.576489264,152.441329435
2262682.9373,7570636.02294,-1338227.17278,2549033.78081,-147359.062442,642607.620889,245121.636526,640515.079902,649524.621333,1036147.71888,309350.467987,910631.270081,209379.326501,374392.280805,-18795.804124,195763.221297,-216.942851579,386.748707031,-157.374683698,209.322613522
3889359.21965,-4143913.67636,1603091.02582,-973158.984246,686371.733771,-146034.901924,258529.279625,-183805.055578,570525.378337,-621475.378948,664261.63273,-553390.206698,346926.739705,2634.62504262,150183.710564,-93799.6370136,376.427356598,208.488172457,304.22922912,-31.7634859867
-5777576.5136,3319652.23911,-1291424.00539,1500595.41942,-648107.254841,128097.574458,-423873.877332,-84565.6156264,-392576.517794,-57994.5249826,-215146.171428,-177744.730136,49749.1355003,113011.812879,-26418.0082253,148203.655379,-301.090598498,439.369844018,251.384560334,-878.372739357
10226974.3663,1491966.45849,143307.616068,-2481875.41604,-53374.2836987,-391336.848898,-206474.856278,-295947.655766,-510349.415122,-145024.164042,-665548.04802,229809.344162,-16564.0896462,-123436.431716,-39882.0588752,-85402.8879656,65.3610272164,565.256964617,-310.733939761,765.919622186
-6482945.29083,6152073.07087,-491188.220541,-40258.5183336,119024.21502,73300.0150281,375278.701679,-80134.0633054,1034638.68648,313618.410043,634784.918819,317983.354587,132628.718104,194145.576559,50493.8706073,7471.11970369,-153.44743659,38.5536107526,-60.7626482871,-380.235651053
-8291473.11556,-7667817.40343,-1044502.60636,-1321290.20302,-344288.721527,-676983.994876,-164715.576762,-217166.564622,-159714.235749,-363704.285918,168907.131855,-555056.844063,-112510.21556,-253512.507247,-2243.41197492,-155745.430792,-111.462952411,483.276935734,25.4109404107,374.683978595
-5299923.86505,3365413.60114,-4146124.58924,-498486.286795,-480778.018583,-386695.181357,-768463.332909,-295174.394569,-1064354.14606,-624084.878834,-838344.577062,-591224.600055,-168142.984451,-91843.0759849,-228429.445325,-28114.4675734,41.8237853461,-454.320072943,-32.1832750019,-633.720958135
2135666.4883,6710114.97561,-1368561.62688,589967.983156,-419572.65481,531380.922503,-229630.284241,397630.889712,-417052.861697,678030.313517,-304455.629501,592543.927997,-66023.111707,325315.525144,-125202.526573,138926.806198,16.6255902967,337.148448847,-302.127750013,113.469556413
7284960.87717,8314660.05991,1227423.94673,1830297.45803,44811.4552667,799090.403073,185931.119082,371358.323123,736399.608671,838690.119332,380758.794012,680840.524978,180804.140655,342854.931898,109917.486438,203632.779304,358.233859453,778.358283134,-525.307400505,162.400877641
-839132.371356,4072773.7817,488930.43282,1037803.55967,190877.426914,-155880.023426,389749.321487,-223419.767212,336608.708765,-371580.21098,399739.094672,-323731.477468,216802.015901,97426.8438426,23714.6905902,68021.3494865,-182.11177718,-17.3533634533,-87.8873448118,431.438297502
-8564393.84875,-5384695.70729,-393611.057086,-3321545.6294,-36885.9126162,-611469.260159,-406098.437928,-520661.305597,-633870.818568,-572033.532424,-504492.202062,-462664.720757,44431.167878,-114916.905006,-39260.2308126,-132880.554107,-36.2419171401,-35.253555696,686.540565046,174.523694573
6492804.37212,614320.123889,1089646.90668,324755.223145,74195.7393974,-299947.143293,110818.245981,-150971.749028,57491.070271,432624.434126,-190395.313506,497731.51353,59989.3376253,-48701.1470916,-43811.8583498,31997.199019,-369.38367987,-135.956940902,372.546978387,129.177498244
-1661578.11039,-1445600.60878,-2289120.92026,-2607565.88218,316137.065655,-355426.860919,188662.929921,65182.66873,634498.291386,209753.495147,656126.817138,228844.217326,220468.007096,2510.87140745,86237.9939097,-45747.5631233,239.187225211,-182.996595894,521.128444294,-342.241953526
-2862986.80875,-5775709.51063,1349278.1904,-1228009.31446,-96823.0314089,-251810.4726,-110808.226016,-528494.351146,-45287.5351021,-656206.672394,382112.590528,-617092.202554,118025.820456,12242.0470454,66264.4993021,-31668.0704992,-103.950508851,418.433586639,-0.915738570716,-121.985372213
-4718221.30086,41181.7207069,-2698468.5458,180748.204794,-428931.457888,-463882.173464,-432161.737758,-325060.132518,-881692.317633,-678271.251065,-888179.687551,-240641.221256,-269456.219669,-125735.225815,-169726.191479,-215948.152357,117.145984425,-253.043539951,412.78562058,-12.2859458132
-4744978.04764,1961519.02653,-377406.154888,-1528863.97984,-95356.910727,232884.317264,34883.4820963,130729.164106,-116465.733751,775702.589392,-389091.915189,478330.088199,79331.5727849,233764.340387,-138315.357374,67670.3345777,438.176609557,145.416787322,325.946195519,61.2931171532
2878710.22198,4600148.56445,1010240.67942,1205916.39874,174146.534776,275450.622927,633509.627229,359275.481342,503165.960738,717548.024707,731752.434819,445434.421416,112997.562065,275468.072257,34271.7411667,222385.508121,226.245583281,-81.6643745074,274.01426461,-84.4398467884
-1629383.69009,632052.916954,1349605.45864,1354477.69734,114836.10481,-105179.929301,62252.7149042,-93998.3435427,252217.24918,-419817.100833,156316.678344,-227588.973703,214725.838022,63150.3859547,96803.3102159,41576.8218102,-150.243626041,221.935284533,-78.6959439969,-29.4536707743
-692298.127555,-12715628.3321,-1047662.41661,-2173162.38103,200733.009226,-371341.838487,-84767.4352027,-618310.703332,-547098.563403,-586242.47496,-616159.166643,-398049.242873,110176.058389,-124392.964513,47943.3362225,-164208.427436,61.1765184213,-391.444950046,113.297492959,198.801403182
-3299257.31993,-195978.393566,1834738.59174,-1624735.35726,314963.667271,109996.95692,215202.497049,122945.672702,342165.374276,558605.01377,30465.8942221,540784.916413,215210.699233,162111.689436,112425.402879,24422.5217322,65.1149624909,177.143716337,247.586984937,-41.0198469932
-508745.193037,-2700911.0764,1687031.96734,-1074421.24873,445796.840899,-471776.097869,321432.116561,-118727.100195,572287.376785,341657.865287,781158.363847,64228.459295,178311.070958,-79680.1787014,-80290.6469122,-71015.126361,148.871423732,-11.8164584521,-20.449510399,154.04144605
7789245.0461,10342595.9192,-569352.593448,379815.986633,224273.07622,-150326.659769,196791.19769,-237783.269138,-158577.675486,-985271.997054,152150.325645,-403091.659759,143454.587529,9815.49176087,132172.249222,-7124.70942888,10.2752519508,52.8982212338,-41.5732869916,56.2492772081
-8980181.06687,-2422544.19138,-1246197.55007,-1131825.77935,-579230.913912,-164153.33055,-288601.933812,43370.6729526,-603557.367623,-56197.3369053,-758665.200017,-245673.160045,-72194.3885546,128288.92393,-67816.285627,4771.3308608,49.3906638982,20.9668852914,96.3103821873,-131.828063291
-1191138.53561,-6058653.78789,328691.211939,2118360.05649,207259.596611,411815.04657,79126.2565878,462960.280691,-320539.829984,775098.898079,-128002.471774,830517.740249,79928.0514158,367633.370472,-13190.5428845,53447.9068561,-160.250191002,-256.684638363,284.44385505,-95.546482151
-1671649.86754,-1101962.04003,-754450.824805,-335819.268276,147705.249738,212935.960094,341160.49293,129674.888585,570143.999574,356249.919315,597809.705934,218437.27334,197799.99546,259389.625489,97087.6864781,114315.700606,-113.331973619,15.5259944863,117.253259801,-271.906486312
4592372.82116,8685938.21931,3786720.15879,209448.156471,505959.732359,-192755.583054,208514.311974,-237725.948025,-89881.4500303,-645326.296753,89101.5128716,-629005.311208,118677.777989,41455.095341,20352.5902281,50175.8572534,30.8420006735,119.666221585,-123.164714209,183.021657521
2822361.43001,-2842191.10208,135971.575272,297025.541127,34871.8945803,3737.87922392,34341.3531696,-238410.138349,-69085.1708466,-283980.067659,-616722.98248,-17828.8293535,143493.846949,-32656.5299598,49123.4706762,564.103004454,-49.4908931404,157.52849284,97.4867593461,160.253888458
4623073.55915,-6913818.52983,760487.85323,-1837409.73232,449660.604235,84065.8071132,278255.324461,276975.881511,153818.068125,885916.468873,115059.949241,584756.14906,226296.368327,287412.143613,38229.139015,54957.8409438,71.1522957553,-84.8729587583,287.325876937,-16.5509867876
228493.32625,-2033645.36459,1979390.89307,450743.853421,671633.364135,-228054.998533,260987.423563,91736.6761129,648687.673504,-245590.863736,780368.425219,-50714.1913387,202354.217993,135653.227137,214416.453175,-35787.1768931,-49.3568302376,-25.6546157201,-30.2880832172,84.5378081153
-2677771.45073,3619341.5219,-1494948.14849,726276.571337,2658.89771484,-458302.955615,-300407.112677,-63857.7945877,-281106.517064,-852164.734655,-164388.079171,-644723.220771,1967.24867779,-265.812863383,-113737.603592,-7021.43803633,1.43716200242,-3.50731049512,-46.0481521101,-31.4702225836
-4178424.54371,-1763450.85134,-865592.610427,-1601844.05789,-210582.611253,97066.6594825,-328361.179087,-99007.7602147,-728268.846931,-375698.227494,-588457.370843,-266833.511998,11805.3172872,93739.4275084,23260.4274978,-72715.859349,96.7706224246,-16.5638139044,40.6898803532,167.419136093
13310084.4426,2379796.90526,2823013.81871,2716669.45262,105497.851362,573246.923658,490078.435529,822263.707917,362936.925477,1160777.36035,251566.007543,893001.820869,160701.114931,598007.438978,72234.5785183,318123.983807,57.7703894762,79.5288089239,37.0790151431,-61.4014497536
3048159.46713,5267061.04102,289953.601062,1719758.60746,220976.555176,104115.184748,108823.807742,281985.616728,372711.245256,131558.931192,760140.431347,82955.1944499,279269.520251,313473.690593,-3778.45886644,32763.4280482,-14.6654070184,91.8118540596,-88.5119731628,-95.4584769093
3731805.48772,-4907300.52891,1088811.75472,-451772.121292,218004.362015,-210444.892955,73635.2324356,-315621.497419,13954.4194847,-714333.146485,-68014.6319197,-666770.118735,157053.818516,60141.4284312,156942.284821,-8868.16433992,-0.906168079728,100.124326507,-0.222842717418,-30.1915707114
-8081838.7729,5332145.2235,676363.475549,661996.344931,-62279.2698723,121067.541307,-190678.754543,122568.506028,-284758.937743,264293.286328,-440584.139071,3499.01005794,-47315.1294002,217173.021258,-165668.363089,6576.21822595,-75.1331499436,62.2746675403,-103.36300778,-50.1176568361
-7731679.03416,5177404.59989,-31898.6891609,1298595.34916,-84399.7315424,335707.958322,-104539.926126,418088.588886,211752.745934,854057.885848,-104315.826649,887808.638903,-48501.1900257,458307.321282,60640.8536637,180184.147914,18.249778848,36.7343026469,46.7423215627,56.1979894889
3214826.02755,4044595.72979,-1189506.2941,-462305.001574,463249.999919,-233514.267384,-114790.058766,-68401.6886649,446915.151306,-263026.371001,546576.048899,-324680.356514,-24681.8078689,176650.971133,12129.4800051,12633.6840447,-105.900533913,-6.65585431881,-32.7647404138,-89.0655043044
5396208.03474,774258.878756,1937580.30982,498753.804733,88760.3674084,-243959.158384,-73423.4489377,-297806.919818,-57987.619535,-1032600.31801,232286.606251,-479523.660848,42005.5072838,47085.1644161,50861.3659998,-80577.1668763,-47.7911779811,25.036468432,-32.1827083369,-82.6242373205
-2981825.85305,1822182.21128,-2958698.94502,1597528.71186,-525463.145907,102458.063694,-427971.995729,503164.163666,-808317.679531,388526.027418,-799701.233201,411978.67425,-295498.943677,335046.3873,-157960.186416,133668.617469,-46.6577975356,10.1010599902,-20.5236233616,-73.7714682842
-10930455.5657,7459689.87565,-669315.586831,1617392.23274,-367484.98779,580727.916218,-279697.825357,542003.884917,64214.8669754,789677.796709,-20232.0182185,692051.819266,-179644.090834,460762.184038,-150051.425152,92865.3264775,-24.3164584969,36.8723435945,-41.7004213326,-76.7760279792
353963.212178,3757926.61121,1069408.85424,2567418.96337,-16927.0285663,-72952.5619692,212909.820103,-155937.887015,492719.349626,20658.4132116,452098.354358,-354652.052762,-83963.8133182,183000.859606,110655.79071,-38338.5983506,-59.4074475172,23.6813024002,-61.5528526497,-68.5165010324
529110.726373,-2538182.21251,-1468491.41073,-787243.542215,15217.3296976,-214744.402179,-317677.686565,-413220.619104,-424549.643774,-947635.554771,-168592.022569,-792439.3183,62363.7579256,-155319.145883,-104657.97474,-77181.5259311,-54.4614445072,0.374132258941,-59.6599591287,-24.6650548012
2878678.40576,-4636351.17917,1925479.74279,-1618403.09878,391300.279287,54921.3505979,7653.38422314,-174717.560081,-3083.68838708,519896.500395,-329177.289724,238524.286263,53571.0955972,238534.897323,66401.0985205,-11340.8013208,-35.6799257561,9.68775933943,-27.5919098597,-3.11760723058
-4605436.302,7167747.91459,-665414.693013,1585704.1045,146121.891936,238453.751498,94525.048293,308777.716642,392162.962487,786698.343367,355705.357317,578339.076332,-183524.9316,142612.70611,12570.9609642,95664.7225191,-42.7762813383,-10.7045194988,-9.89249226727,-45.6450040636
-4919034.11094,-6360239.15173,-3100743.35396,-1436723.43227,-110873.878056,-391583.177503,-291592.833241,-323577.363924,316545.582034,-556247.408502,204602.506071,-332313.312685,-135594.666505,-114023.405342,66016.1971715,-111188.870659,-50.6289957461,28.0639126665,-34.0537671904,-71.1171372731
1693550.179,2953175.73928,-239690.740186,474684.240687,-238156.20546,-35168.8210121,-332079.643444,-250629.192099,-378273.701345,-886957.529685,-311813.692265,-724128.151513,-207680.401021,60583.5044486,-64025.1012818,-36761.5424924,-48.4340466653,38.0073708903,-57.240538266,-44.5968076078
-8030656.2042,1121709.32634,-1958473.8934,354981.927935,-530049.669445,-172967.97022,-435168.57163,89906.7984946,-445783.904243,402706.93898,-585948.979702,459711.492538,-334046.208347,176691.660103,-217490.049208,-40577.7493681,-25.8687309001,10.5617229373,-40.3937290445,6.28668911044
644877.530126,-1182085.29018,-189815.683652,1436523.91605,195060.647102,385288.284464,40345.2247515,560721.078514,-62832.5590106,1046457.02239,248254.266515,775060.874019,-16653.1650354,314962.290304,-146.61372463,244112.074229,-59.349953193,47.210254147,-54.0831077378,-81.1233961671
3164183.15165,-11338495.1802,142653.447511,-1291135.62263,-168922.499968,-307229.077915,252288.733969,-378184.05716,389959.934876,-710820.542579,591824.222742,-611403.438918,-9016.98699435,-75506.1608427,-32928.9074564,-153876.636395,-110.420462424,32.8868007758,-97.000010762,-11.3692998309
-1965575.19448,-5962731.35598,1084797.57123,-454505.921711,-201825.901284,-218970.491023,227556.879328,-534761.881368,-50599.3618338,-459272.23432,-324146.810904,-609335.487279,-35896.8377786,-178512.990879,101374.41502,-89114.1705415,-138.71567273,59.29812828,-93.9676090828,40.5684630351
-10380181.551,-4302756.54374,-1202111.54717,-1049408.82981,-295203.085941,395709.590964,-277615.672352,-43709.7450794,-511003.7309,559452.067829,-567994.300751,309180.672828,-164746.990839,-65411.0091534,-145314.10899,-31770.3047063,-66.0734381068,43.8436171185,32.4140273487,-1.27668309266
3167911.77283,9162257.85435,1130202.44821,155501.096636,151804.839017,-99946.2669156,-46237.0283769,18882.9242888,489878.356987,586835.40766,267971.522349,457715.98227,-34311.2679026,154011.259825,52744.3069599,25357.4349388,-70.0137828531,-39.0660214257,-29.8785752973,-104.172462219
-962460.272586,-3360418.28312,-1188264.00223,-2209641.9388,27357.2720013,-641046.733461,-78059.4187662,-585861.173511,419745.250863,-883729.043298,621760.804282,-835360.131898,-60252.8212067,-400370.973872,62497.7828514,-121191.14116,-116.030566279,34.9585486751,100.160512957,-66.226215391
2021593.05619,-12577747.6243,-759303.534966,-473633.222021,-457538.340975,-278598.935268,-195558.976234,-223301.460929,-314649.363432,-527384.184231,-359744.788683,-202839.981433,7400.54226829,-33297.8760152,-11660.2457729,-8950.17523666,-39.6567707034,17.8114090004,-9.67571838282,61.0314070759
-3961181.16514,1688797.72404,-1801818.86198,1256876.59339,-434013.757817,165380.161922,-196610.511967,183836.495546,-481178.516154,559862.886413,-675741.049308,473755.92116,-317638.438559,291910.739089,-135000.597626,42429.6523472,-40.553305574,-13.9401589366,-61.2190852492,-25.7570183465
3436781.29697,4721362.90827,124294.788844,194137.643526,-41694.3807551,-2316.42702551,222833.190271,310424.30445,207423.036768,516989.840045,336915.495226,568390.108485,-25421.6370265,121247.633599,-96793.3435168,49784.9337087,-43.6294755909,50.1486381408,-160.330219496,-6.7805160986
2700319.58343,1907110.89217,1517832.90315,652545.974521,21494.2632606,106187.35559,193263.427328,-165116.215785,161767.652582,-377530.229097,472623.752236,-330039.582895,325434.322942,69348.5372747,97613.8207272,32051.7155372,-77.3071094081,35.170637713,-103.383756009,-70.373280986
3441900.39788,-4899140.75204,753777.489823,-142723.896143,-215686.009959,-346623.478354,279049.38232,-362797.364032,6364.95306296,-256005.222712,-181755.052586,-392918.728285,42557.8491227,124639.421168,36804.2029205,41103.6341356,-0.764721030261,4.50853235665,-41.029603882,118.415945797
-3362369.79045,403508.345018,-13668.023597,-2031148.21737,258822.429168,-19527.2557763,57903.3034957,-78870.7137766,-340655.886714,953683.667661,-434804.738922,338919.635174,-61646.4633653,13999.7423593,46254.0119296,-3234.02778984,54.0205186956,53.7898664023,45.5901835263,56.9435554044
-334926.054272,533906.37114,641475.093701,352667.939782,172403.56854,131914.101026,207939.602753,-59799.406826,349329.280095,194017.747985,575651.294506,368723.116147,153688.07272,63857.4804188,30781.6554614,61354.6950704,-55.7986983408,12.4203561191,73.5789979362,19.1822939832
5183750.76098,6388608.58157,-513018.839917,-1266456.69957,305095.965355,-556964.701261,11394.4315619,-461780.017243,514408.096766,-812019.896736,183161.930923,-400951.488857,-172068.031586,17778.531662,-54479.2447105,-55917.4387633,-94.8403606518,-100.854945474,-141.784346093,79.9949799752
-1836154.43155,-4931379.54826,-842590.150974,-1020538.60921,-667273.959401,-53200.7748086,-351854.462743,-106274.108249,-504787.438778,-344470.721361,-736455.008222,-391937.243406,-345648.710402,-172790.013047,-167475.627218,-24031.7707989,-164.242557845,175.82122055,-30.863081026,98.3726126835
3009163.99874,1001259.61221,-723035.038928,1016693.91332,-409704.042896,-267409.078878,-243975.219141,438192.367396,-462924.240543,846167.113419,-469362.004645,603673.850533,19729.3912865,346187.737135,-121184.210852,63693.8714539,-38.5283381333,-33.2662222304,-92.9483716046,14.6311500964
-2690653.5204,-1658622.61113,-911493.14382,-290006.751395,236829.216582,-57762.6218955,246596.595211,160443.253443,178825.587334,-133724.078525,522519.060511,132566.210344,-195271.35023,238710.846381,18676.4572428,-36023.8749742,37.6127067366,155.364717856,138.438188449,59.4253387703
2158905.96478,-5743018.67014,2307096.9549,-191602.785973,85128.9231822,-190551.161311,375771.365184,-423434.799527,460801.902167,-600497.178551,344400.946419,-387416.12994,217184.371722,-99173.4482237,-10188.122751,-108569.032837,-106.493763431,36.8062494373,-221.022096376,34.9824786279
-4683872.60328,4297986.41806,1135963.48121,2053418.53369,237857.387484,207382.664382,316953.631036,28782.214475,-569116.240176,291700.845286,-497653.152933,-50921.6325028,19276.676973,276909.853336,55047.4082159,127442.425629,32.6524489679,33.4819106663,-176.796980395,19.3504171237
2264140.47057,1410304.39071,300222.635039,-1920324.86928,3912.50094653,278226.651357,156408.5962,125019.358569,-21125.456087,561458.31223,581.641145905,513354.680521,-17477.0479264,96699.4486337,65595.5553872,108997.28566,-92.2368723494,232.904734744,76.0924396245,146.53210518
5650867.98675,1197966.2383,1644316.24333,-316937.883697,82153.5369407,-1277.33907031,147403.187828,-80005.6290743,475000.319563,180039.350282,567216.23677,209540.435845,54005.3823704,43793.3330425,1972.82435115,-21759.5743878,-187.891082104,-84.4616676014,-161.850249609,-55.6796843794
-1893308.78397,-1368058.37275,4165.91942879,-798169.14797,165161.731288,-291616.46989,-13446.7334407,-483010.045977,452202.183176,-893496.499775,273163.225572,-729178.104143,71031.2874097,-33337.4357963,65683.0303256,-75900.0773438,41.9237295378,50.6931965273,88.1697038242,56.7809772325
-5090745.33145,2595566.73074,-1811743.76232,-329102.414939,-162469.421334,-324732.788697,-135924.608677,-37145.1015755,-509639.410974,-108282.210447,-933610.043492,-215214.088998,-481498.210264,48290.2955825,-190916.090213,-7402.07189834,180.162457395,-130.93260648,-61.1460955642,0.252459436242
1656455.85741,1164605.16493,491209.646887,-851572.849462,-25140.4978827,-139063.654618,-125308.196073,344100.391006,-373278.53194,490838.570826,-178969.171165,450056.070483,-80509.2095187,47305.4381443,-38630.2310725,-102204.404062,5.08201389931,-16.0253794186,31.5446297701,-8.66440035626
5237714.29806,3508354.88337,665855.965147,3261940.38884,303919.333493,427051.33621,431795.879951,364479.305461,536087.364188,137936.7096,717564.177036,476378.601459,125484.965747,475161.039366,99007.8492733,139315.986346,76.4215627403,9.24283851923,42.4551482518,-205.429139438
1917497.29592,-2435794.68606,-370007.384178,218359.182216,-177640.52238,352217.849746,451544.689409,95929.5849861,157714.37253,-424589.840457,262877.081776,-358341.406301,-118019.382941,247775.641992,94270.5539019,98382.5314837,-33.2027240251,66.6207289649,80.0065274791,-36.2241648519
-5532405.99498,1143441.69042,2093973.33481,734452.826273,-203129.568183,231494.308294,-193566.413283,275686.248159,-630524.876192,184195.567673,-464405.260447,-105642.14867,80559.4092739,24044.260829,-65144.4170609,64626.9069174,-64.9341466733,148.310392366,120.021289045,-90.6260291835
-494872.468674,10425342.5344,492708.044239,1786197.11915,278937.227928,397135.529475,136373.266011,303697.351213,-105242.265318,852650.257905,-200181.215968,976012.022345,-85967.2008098,447683.51951,23387.4396875,205289.39675,61.1049037767,-118.900802103,-205.900263765,-48.8629602112
10732873.5383,-1425418.38058,1110011.87333,-2204052.05218,313774.28815,-237418.301193,331911.720535,-170556.20488,731291.246824,-158620.731227,828299.005532,-249274.022929,72985.0144477,-155316.831274,208682.383997,-17700.1680846,2.59782361553,127.335541602,-111.6522578,-19.5018790343
5515961.75635,1895043.61631,812549.273459,-360101.061426,94543.0272475,-279057.05902,-37471.8935092,-373829.662119,344595.841403,-591904.506831,395336.298678,-523359.103368,27792.9899364,-32960.0605937,-61379.4328395,-82745.5009462,-132.766179228,-86.036050254,175.814268339,44.0144691979
-3200890.48951,896022.836018,-1349790.93545,1698771.9755,-209974.989506,66245.080415,-284094.466913,540388.559569,-409735.530027,79196.2405139,-803374.587729,95222.1631884,-236288.665153,210230.573016,-8845.59295576,-616.957857696,94.5782665546,73.6994371746,-69.6992946116,114.16303931
1004029.96139,-6240113.97681,-1560303.41448,-964102.672778,-359708.851142,114700.785211,-567001.561957,344564.86631,-644189.897026,359775.602749,-420695.54542,515145.374561,-394826.913707,223372.041254,-159105.803665,54549.8311387,-67.5043725711,96.2547172757,-92.9524172345,74.9154934356
3878817.42377,2037937.08885,723193.634703,1556606.44892,-1096.20605644,-77720.8263882,196100.464316,138492.326019,509401.144257,-185603.66951,469908.642692,114745.855816,3434.8255136,94016.8466152,51281.5338642,8427.18803401,93.679728837,-16.5144517308,-114.774342014,127.419877532
-5669445.23796,1731726.51298,-639020.221324,774442.657598,-129258.157424,26917.4353731,101932.585728,138651.678824,-108398.493863,-248641.806181,18806.6659061,-216492.262013,-119393.883721,335368.966456,49995.4377734,196536.543178,56.7627885983,39.0457849597,143.96527035,218.962472926
4856847.42783,-3097164.92986,402597.640392,106889.782914,-391835.208311,-117378.436297,-203476.257312,-9614.63033051,-719308.049332,-19575.7105819,-665486.268214,-44814.1504746,-303974.701607,-13996.7037186,-210520.658661,-66750.131493,-112.118030241,-78.5174015184,9.54309816127,-6.14973188609
980602.012064,12837785.7727,1895737.43108,1394751.97447,422857.807199,473337.413988,104546.962626,378224.558486,46692.7195624,842786.993597,297845.020956,602894.028943,220843.495964,232383.480134,132142.236422,164693.539479,-6.54253724913,-25.9383549359,-92.6259947638,-140.895106226
-6504515.74279,-2924795.65882,-304420.650778,896267.12928,-129515.005568,302276.977455,-49329.7534672,82565.9397952,521129.440259,-98090.9290933,344148.615807,181355.707681,-165890.805866,262803.556655,-90756.101463,153425.656927,-114.556992806,31.6439354523,-49.2905478651,149.416891135
7678235.76583,-911284.504386,-489536.17728,-2154715.10298,36412.3364643,-698845.147881,-194824.094577,-543577.051363,283847.091416,-695742.354259,-44105.7690519,-937985.5489,-143188.847577,-341866.958325,144462.870641,-246730.295716,-67.7837077083,-43.6200604677,-41.569742583,13.7731617981
-4391012.26572,7024248.00077,-620097.299149,320109.341051,-401702.017275,-83668.7222682,-619154.872857,104697.360022,-754567.956918,153892.687817,-645720.416772,39303.7683182,-265350.499316,79899.7578309,-140853.193989,12809.8367038,-116.007068831,-22.2127616832,158.775395403,5.04998780088
4056641.13908,-1144833.36217,-1758183.73003,-282470.664011,-246967.727562,-363275.17994,-296504.172147,7675.81712244,-29451.5759963,28336.9495375,-37476.8832164,267705.318437,-293511.34247,80215.9500916,-53806.2492657,-112429.900897,-22.737429981,-17.5001207019,37.2523881354,-227.079412564
2623269.59111,-938037.572904,75818.9005517,135012.447287,266849.758639,101851.510664,223545.569289,133793.406999,394932.736449,-211466.065748,588822.423558,-189010.449393,-119536.791986,77349.4001293,-24464.1524133,31874.4983418,135.217167593,29.8209128706,-46.1114287135,74.0739569771
-8929445.77644,4447052.27915,362115.470461,1364796.84288,-440959.176652,116355.021539,-113904.301395,172161.262117,-80711.7917023,-430709.349714,-130326.589717,-436763.88418,-134014.363153,120450.100134,-85047.3284698,48656.952232,44.1988958999,182.891432738,-1.2523925025,-70.2204498818
-3294166.17433,6767541.32313,-975882.04651,2135584.15555,-75123.0136724,155487.853295,-319912.618514,273401.219337,-802200.713506,601064.231814,-662152.295432,575368.454498,-346054.302608,378435.325856,-7129.36183857,193636.98313,-104.156607611,-130.045533897,7.96819916564,-15.0359567701
-6011403.76357,7279426.38577,-942592.392504,-1246453.82708,-365815.747605,373856.897003,-472264.432199,-322585.87528,-290965.288093,226882.917416,-40788.8735411,423871.45037,-282428.365684,-165679.040424,-247691.564161,-97475.9122864,-82.2927200961,80.1559317497,-66.9622746182,-99.9088420653
2264839.63529,-2533835.20972,1135707.36988,360955.008087,280679.682053,-303361.511023,526986.552074,-429239.802133,1188840.54898,-215383.67807,893214.960567,-380218.646082,236123.089463,36295.1030369,222657.046778,-51308.9140656,30.8669630219,-140.370566443,-66.0935307758,55.7634480154
12519908.9745,5355504.14451,642752.650006,-924900.851538,231174.335937,-259132.587146,-60693.4101555,-55046.8873794,2048.680785,-233089.624896,17742.5154973,-398625.136587,-246378.506668,-55768.0895438,46103.2442603,-30870.0075728,-11.8162093959,18.8777931443,31.2906769502,14.6845438431
-6884363.48111,1882720.7054,-978238.151494,-467554.044003,-84090.727793,-437844.30028,-471131.450819,-255584.473843,-665228.787937,-152079.073259,-788600.548178,-145257.106984,-332739.318647,-184258.708528,-41451.9657077,-137681.163725,1.21844796855,-170.099567193,-18.4329021898,-113.049682558
-2513679.02503,-2869659.61167,-790773.749669,68917.3939772,170496.687883,158037.676177,63333.3376221,317263.996224,285926.983592,320553.205289,298408.796356,460022.296272,-139188.924738,103021.143892,39657.365738,-19406.8496868,105.795995497,3.82465811525,-49.4021363857,-109.015802462
-8798097.81103,-1289294.85848,-1630864.65213,-4469.22809448,-241564.593046,35379.5285173,-173338.62396,-171840.998985,337949.382304,-405130.70705,533385.611997,-290872.648215,-127536.238944,-107869.906575,-45652.338729,-88865.6008035,-1.38025776762,-22.1549893082,-76.6018123602,-101.885290911
-111952.304442,-1496951.55358,2903.72412897,238413.511214,-435797.591325,-335746.883014,70075.9257904,-353715.132479,-380654.330808,-451982.780161,-404299.661165,-446992.836686,-315051.027466,-92593.6747318,-96335.9057617,-38862.0165966,-117.079206321,-20.3470877568,-25.6849284964,1.17894509019
-6475782.63825,2721027.03646,-1782009.05568,1996379.60907,-436349.496318,44924.5164713,-269836.281003,300592.039197,-856256.183397,473144.72904,-1031505.97847,384887.184619,-276848.042245,80062.7269457,-238444.227349,107069.960079,-64.6959900457,-88.2329936636,-138.655477644,-0.782219124118
2057913.70471,-6907164.4767,523558.099617,-3193042.91622,127622.573185,84879.2844559,315707.235581,-349767.361236,410318.390439,272760.834685,563490.657629,281979.7511,-40626.5268707,25787.9672577,168905.233987,-23523.7699678,3.93824655108,-25.9771573992,-60.7904222911,16.6282392613
-5180450.45139,15977626.356,681239.096338,2318708.06676,135974.289638,47396.1213424,366001.124456,94426.8045963,922220.645711,119658.775555,509897.022392,135981.619301,-21219.0945323,-10680.2678596,65237.8303094,54274.4178332,-76.8844736354,-4.5616778056,12.9972048938,-12.2700052214
-11322796.6536,4329341.1607,-1307679.16869,-670533.97722,-110090.206437,-175004.552716,-433727.513795,-314433.818789,-385651.829198,-254294.012034,-217809.208019,-728359.860501,-24404.7463796,-112128.521149,27401.6479227,-71033.2472223,-10.7878535331,17.7708944347,-49.090424203,-102.186587322
7530999.2874,-5124068.83354,333666.832961,-791786.681603,-84063.4886908,-132069.084064,-253331.040655,-143865.006965,-600007.685335,1060.90356792,-455281.51106,261454.475972,-320152.27411,-172116.326073,-63406.5538234,-30217.8133417,-58.8636105152,25.9504278625,-75.7527962461,-65.3788615959
-1313646.17663,-8293777.88647,-897107.209908,-178688.56828,-63098.7558732,-49925.2815773,144225.15616,-56582.6593797,395258.422133,267594.057573,198202.588637,385716.165079,17461.1178973,22823.8947125,15273.1891441,51499.8378423,-42.3257710608,-46.2714613497,-56.60319086,23.4732348066
-2229033.74486,-9462955.90729,-293772.508247,-2071492.68456,-78616.7419089,-492088.112484,492566.797368,-189236.002706,510667.19318,-620546.144278,391962.281535,-496747.930404,-126843.079551,-152042.411594,-37739.2070036,-119786.693098,-0.509418293498,-45.8056881404,16.2697498786,28.1381486672
-5640388.2787,4238638.87268,-92502.0194892,198727.407637,-357187.601183,-184169.602957,-27346.5042827,-14754.0778365,-528296.176827,-267661.558735,-627204.63818,-485739.355761,-235640.590413,-205972.043759,-110589.612875,-137856.711991,-38.400260984,-23.9721903678,-32.4753412463,11.4846327791
-7413712.17748,8535022.79387,-1301177.77795,1227249.53349,-429098.881967,70688.3706243,-298813.036084,117743.605831,-955756.032036,224848.210027,-749177.795299,304655.940778,-301669.213859,-5427.6653617,-181403.247541,142358.231717,-23.5745181513,-23.5312610702,-80.8345534757,-4.68256738305
-3615812.11928,-287757.968332,721155.717044,-1494102.4284,321297.203015,283579.152629,236331.88267,-127032.594562,738415.582531,447339.872767,423719.746399,460797.312105,229809.885767,34691.5956237,31254.692974,-24330.6569083,-45.738640964,-1.46399440313,-31.5396034954,37.5512092814
7278120.86708,-4968027.7842,1211239.47599,847365.535944,123603.477275,160515.176244,346283.157332,-240781.908338,392855.235019,18826.9450178,657471.676857,-156168.041279,76.3987971169,36877.296822,62194.7328454,74863.3398365,-53.8395978339,-16.0182943565,22.2672896701,-14.772939135
4130795.1811,3496029.93786,-299872.846734,431123.294793,83316.9447146,-351604.96107,-2516.19065758,-197677.997916,-202245.513218,-429386.276815,-422569.17768,-347717.857251,6477.21168383,-95835.3033603,45547.5430848,-26477.6486767,-57.7437840091,-7.24537053532,-45.3458994599,-45.4181528359
4130795.1811,-3496029.93786,-299872.846734,-431123.294793,83316.9447146,351604.96107,-2516.19065758,197677.997916,-202245.513218,429386.276815,-422569.17768,347717.857251,6477.21168383,95835.3033603,45547.5430848,26477.6486767,-57.7437840091,7.24537053532,-82.7060392127,9.86894166411
7278120.86708,4968027.7842,1211239.47599,-847365.535944,123603.477275,-160515.176244,346283.157332,240781.908338,392855.235019,-18826.9450178,657471.676857,156168.041279,76.3987971169,-36877.296822,62194.7328454,-74863.3398365,-53.8395978339,16.0182943565,-8.9156172221,54.9176015642
-3615812.11928,287757.968332,721155.717044,1494102.4284,321297.203015,-283579.152629,236331.88267,127032.594562,738415.582531,-447339.872767,423719.746399,-460797.312105,229809.885767,-34691.5956237,31254.692974,24330.6569083,-45.738640964,1.46399440313,13.7277969779,-7.46689963582
-7413712.17748,-8535022.79387,-1301177.77795,-1227249.53349,-429098.881967,-70688.3706243,-298813.036084,-117743.605831,-955756.032036,-224848.210027,-749177.795299,-304655.940778,-301669.213859,5427.6653617,-181403.247541,-142358.231717,-23.5745181513,23.5312610702,-49.2484919251,-39.8489240063
-5640388.2787,-4238638.87268,-92502.0194892,-198727.407637,-357187.601183,184169.602957,-27346.5042827,14754.0778365,-528296.176827,267661.558735,-627204.63818,485739.355761,-235640.590413,205972.043759,-110589.612875,137856.711991,-38.400260984,23.9721903678,-73.0209272672,-36.5223880688
-2229033.74486,9462955.90729,-293772.508247,2071492.68456,-78616.7419089,492088.112484,492566.797368,189236.002706,510667.19318,620546.144278,391962.281535,496747.930404,-126843.079551,152042.411594,-37739.2070036,119786.693098,-0.509418293498,45.8056881404,1.38238613729,18.3959367515
-1313646.17663,8293777.88647,-897107.209908,178688.56828,-63098.7558732,49925.2815773,144225.15616,56582.6593797,395258.422133,-267594.057573,198202.588637,-385716.165079,17461.1178973,-22823.8947125,15273.1891441,-51499.8378423,-42.3257710608,46.2714613497,-0.243258326566,-6.43464885769
7530999.2874,5124068.83354,333666.832961,791786.681603,-84063.4886908,132069.084064,-253331.040655,143865.006965,-600007.685335,-1060.90356792,-455281.51106,-261454.475972,-320152.27411,172116.326073,-63406.5538234,30217.8133417,-58.8636105152,-25.9504278625,-51.9471963735,13.9953449081
-11322796.6536,-4329341.1607,-1307679.16869,670533.97722,-110090.206437,175004.552716,-433727.513795,314433.818789,-385651.829198,254294.012034,-217809.208019,728359.860501,-24404.7463796,112128.521149,27401.6479227,71033.2472223,-10.7878535331,-17.7708944347,-89.8291630036,88.441582798
-5180450.45139,-15977626.356,681239.096338,-2318708.06676,135974.289638,-47396.1213424,366001.124456,-94426.8045963,922220.645711,-119658.775555,509897.022392,-135981.619301,-21219.0945323,10680.2678596,65237.8303094,-54274.4178332,-76.8844736354,4.5616778056,15.681183524,61.0473488051
2057913.70471,6907164.4767,523558.099617,3193042.91622,127622.573185,-84879.2844559,315707.235581,349767.361236,410318.390439,-272760.834685,563490.657629,-281979.7511,-40626.5268707,-25787.9672577,168905.233987,23523.7699678,3.93824655108,25.9771573992,3.09041835935,-14.7718142395
-6475782.63825,-2721027.03646,-1782009.05568,-1996379.60907,-436349.496318,-44924.5164713,-269836.281003,-300592.039197,-856256.183397,-473144.72904,-1031505.97847,-384887.184619,-276848.042245,-80062.7269457,-238444.227349,-107069.960079,-64.6959900457,88.2329936636,-123.922568242,-54.9096895414
-111952.304442,1496951.55358,2903.72412897,-238413.511214,-435797.591325,335746.883014,70075.9257904,353715.132479,-380654.330808,451982.780161,-404299.661165,446992.836686,-315051.027466,92593.6747318,-96335.9057617,38862.0165966,-117.079206321,20.3470877568,-63.4338519728,-3.69261134844
-8798097.81103,1289294.85848,-1630864.65213,4469.22809448,-241564.593046,-35379.5285173,-173338.62396,171840.998985,337949.382304,405130.70705,533385.611997,290872.648215,-127536.238944,107869.906575,-45652.338729,88865.6008035,-1.38025776762,22.1549893082,-56.1027180586,148.528318139
-2513679.02503,2869659.61167,-790773.749669,-68917.3939772,170496.687883,-158037.676177,63333.3376221,-317263.996224,285926.983592,-320553.205289,298408.796356,-460022.296272,-139188.924738,-103021.143892,39657.365738,19406.8496868,105.795995497,-3.82465811525,18.0827580749,94.5087623388
-6884363.48111,-1882720.7054,-978238.151494,467554.044003,-84090.727793,437844.30028,-471131.450819,255584.473843,-665228.787937,152079.073259,-788600.548178,145257.106984,-332739.318647,184258.708528,-41451.9657077,137681.163725,1.21844796855,170.099567193,-13.274463108,55.7916696084
12519908.9745,-5355504.14451,642752.650006,924900.851538,231174.335937,259132.587146,-60693.4101555,55046.8873794,2048.680785,233089.624896,17742.5154973,398625.136587,-246378.506668,55768.0895438,46103.2442603,30870.0075728,-11.8162093959,-18.8777931443,-0.327389081488,-6.90634959276
2264839.63529,2533835.20972,1135707.36988,-360955.008087,280679.682053,303361.511023,526986.552074,429239.802133,1188840.54898,215383.67807,893214.960567,380218.646082,236123.089463,-36295.1030369,222657.046778,51308.9140656,30.8669630219,140.370566443,-28.5999438848,-15.6021605849
-6011403.76357,-7279426.38577,-942592.392504,1246453.82708,-365815.747605,-373856.897003,-472264.432199,322585.87528,-290965.288093,-226882.917416,-40788.8735411,-423871.45037,-282428.365684,165679.040424,-247691.564161,97475.9122864,-82.2927200961,-80.1559317497,0.116338880333,68.8548657071
-3294166.17433,-6767541.32313,-975882.04651,-2135584.15555,-75123.0136724,-155487.853295,-319912.618514,-273401.219337,-802200.713506,-601064.231814,-662152.295432,-575368.454498,-346054.302608,-378435.325856,-7129.36183857,-193636.98313,-104.156607611,130.045533897,3.85654805009,-41.0732622673
-8929445.77644,-4447052.27915,362115.470461,-1364796.84288,-440959.176652,-116355.021539,-113904.301395,-172161.262117,-80711.7917023,430709.349714,-130326.589717,436763.88418,-134014.363153,-120450.100134,-85047.3284698,-48656.952232,44.1988958999,-182.891432738,-23.8764257313,86.5004494669
2623269.59111,938037.572904,75818.9005517,-135012.447287,266849.758639,-101851.510664,223545.569289,-133793.406999,394932.736449,211466.065748,588822.423558,189010.449393,-119536.791986,-77349.4001293,-24464.1524133,-31874.4983418,135.217167593,-29.8209128706,6.5262249366,-44.4494077868
4056641.13908,1144833.36217,-1758183.73003,282470.664011,-246967.727562,363275.17994,-296504.172147,-7675.81712244,-29451.5759963,-28336.9495375,-37476.8832164,-267705.318437,-293511.34247,-80215.9500916,-53806.2492657,112429.900897,-22.737429981,17.5001207019,100.073056938,180.270055885
-4391012.26572,-7024248.00077,-620097.299149,-320109.341051,-401702.017275,83668.7222682,-619154.872857,-104697.360022,-754567.956918,-153892.687817,-645720.416772,-39303.7683182,-265350.499316,-79899.7578309,-140853.193989,-12809.8367038,-116.007068831,22.2127616832,146.458646564,-57.5438356889
7678235.76583,911284.504386,-489536.17728,2154715.10298,36412.3364643,698845.147881,-194824.094577,543577.051363,283847.091416,695742.354259,-44105.7690519,937985.5489,-143188.847577,341866.958325,144462.870641,246730.295716,-67.7837077083,43.6200604677,-52.8370784305,8.45735258854
-6504515.74279,2924795.65882,-304420.650778,-896267.12928,-129515.005568,-302276.977455,-49329.7534672,-82565.9397952,521129.440259,98090.9290933,344148.615807,-181355.707681,-165890.805866,-262803.556655,-90756.101463,-153425.656927,-114.556992806,-31.6439354523,15.7105947292,-133.845795817
980602.012064,-12837785.7727,1895737.43108,-1394751.97447,422857.807199,-473337.413988,104546.962626,-378224.558486,46692.7195624,-842786.993597,297845.020956,-602894.028943,220843.495964,-232383.480134,132142.236422,-164693.539479,-6.54253724913,25.9383549359,-37.520524102,80.0110680038
4856847.42783,3097164.92986,402597.640392,-106889.782914,-391835.208311,117378.436297,-203476.257312,9614.63033051,-719308.049332,19575.7105819,-665486.268214,44814.1504746,-303974.701607,13996.7037186,-210520.658661,66750.131493,-112.118030241,78.5174015184,-9.25629133985,-40.7102937578
-5669445.23796,-1731726.51298,-639020.221324,-774442.657598,-129258.157424,-26917.4353731,101932.585728,-138651.678824,-108398.493863,248641.806181,18806.6659061,216492.262013,-119393.883721,-335368.966456,49995.4377734,-196536.543178,56.7627885983,-39.0457849597,145.723287469,-193.948083944
3878817.42377,-2037937.08885,723193.634703,-1556606.44892,-1096.20605644,77720.8263882,196100.464316,-138492.326019,509401.144257,185603.66951,469908.642692,-114745.855816,3434.8255136,-94016.8466152,51281.5338642,-8427.18803401,93.679728837,16.5144517308,-40.961984007,-128.667305615
1004029.96139,6240113.97681,-1560303.41448,964102.672778,-359708.851142,-114700.785211,-567001.561957,-344564.86631,-644189.897026,-359775.602749,-420695.54542,-515145.374561,-394826.913707,-223372.041254,-159105.803665,-54549.8311387,-67.5043725711,-96.2547172757,-48.42122816,-147.446654981
-3200890.48951,-896022.836018,-1349790.93545,-1698771.9755,-209974.989506,-66245.080415,-284094.466913,-540388.559569,-409735.530027,-79196.2405139,-803374.587729,-95222.1631884,-236288.665153,-210230.573016,-8845.59295576,616.957857696,94.5782665546,-73.6994371746,-92.7544207829,-153.983118391
5515961.75635,-1895043.61631,812549.273459,360101.061426,94543.0272475,279057.05902,-37471.8935092,373829.662119,344595.841403,591904.506831,395336.298678,523359.103368,27792.9899364,32960.0605937,-61379.4328395,82745.5009462,-132.766179228,86.036050254,191.421893903,-19.8050484223
10732873.5383,1425418.38058,1110011.87333,2204052.05218,313774.28815,237418.301193,331911.720535,170556.20488,731291.246824,158620.731227,828299.005532,249274.022929,72985.0144477,155316.831274,208682.383997,17700.1680846,2.59782361553,-127.335541602,-33.1455710663,-0.410567415355
-494872.468674,-10425342.5344,492708.044239,-1786197.11915,278937.227928,-397135.529475,136373.266011,-303697.351213,-105242.265318,-852650.257905,-200181.215968,-976012.022345,-85967.2008098,-447683.51951,23387.4396875,-205289.39675,61.1049037767,118.900802103,-174.04575411,-32.3291353804
-5532405.99498,-1143441.69042,2093973.33481,-734452.826273,-203129.568183,-231494.308294,-193566.413283,-275686.248159,-630524.876192,-184195.567673,-464405.260447,105642.14867,80559.4092739,-24044.260829,-65144.4170609,-64626.9069174,-64.9341466733,-148.310392366,95.2501474435,58.523030792
1917497.29592,2435794.68606,-370007.384178,-218359.182216,-177640.52238,-352217.849746,451544.689409,-95929.5849861,157714.37253,424589.840457,262877.081776,358341.406301,-118019.382941,-247775.641992,94270.5539019,-98382.5314837,-33.2027240251,-66.6207289649,109.347433851,55.8453485708
5237714.29806,-3508354.88337,665855.965147,-3261940.38884,303919.333493,-427051.33621,431795.879951,-364479.305461,536087.364188,-137936.7096,717564.177036,-476378.601459,125484.965747,-475161.039366,99007.8492733,-139315.986346,76.4215627403,-9.24283851923,121.216950422,166.033387933
1656455.85741,-1164605.16493,491209.646887,851572.849462,-25140.4978827,139063.654618,-125308.196073,-344100.391006,-373278.53194,-490838.570826,-178969.171165,-450056.070483,-80509.2095187,-47305.4381443,-38630.2310725,102204.404062,5.08201389931,16.0253794186,49.4799532845,-77.8644845698
-5090745.33145,-2595566.73074,-1811743.76232,329102.414939,-162469.421334,324732.788697,-135924.608677,37145.1015755,-509639.410974,108282.210447,-933610.043492,215214.088998,-481498.210264,-48290.2955825,-190916.090213,7402.07189834,180.162457395,130.93260648,-84.9969588657,-24.7508054861
-1893308.78397,1368058.37275,4165.91942879,798169.14797,165161.731288,291616.46989,-13446.7334407,483010.045977,452202.183176,893496.499775,273163.225572,729178.104143,71031.2874097,33337.4357963,65683.0303256,75900.0773438,41.9237295378,-50.6931965273,130.152467792,-45.4784468965
5650867.98675,-1197966.2383,1644316.24333,316937.883697,82153.5369407,1277.33907031,147403.187828,80005.6290743,475000.319563,-180039.350282,567216.23677,-209540.435845,54005.3823704,-43793.3330425,1972.82435115,21759.5743878,-187.891082104,84.4616676014,-87.3331415559,-2.94415806573
2264140.47057,-1410304.39071,300222.635039,1920324.86928,3912.50094653,-278226.651357,156408.5962,-125019.358569,-21125.456087,-561458.31223,581.641145905,-513354.680521,-17477.0479264,-96699.4486337,65595.5553872,-108997.28566,-92.2368723494,-232.904734744,79.7676635765,-234.973199914
-4683872.60328,-4297986.41806,1135963.48121,-2053418.53369,237857.387484,-207382.664382,316953.631036,-28782.214475,-569116.240176,-291700.845286,-497653.152933,50921.6325028,19276.676973,-276909.853336,55047.4082159,-127442.425629,32.6524489679,-33.4819106663,-197.219801358,-37.1460064402
2158905.96478,5743018.67014,2307096.9549,191602.785973,85128.9231822,190551.161311,375771.365184,423434.799527,460801.902167,600497.178551,344400.946419,387416.12994,217184.371722,99173.4482237,-10188.122751,108569.032837,-106.493763431,-36.8062494373,-168.433541673,-35.4259799787
-2690653.5204,1658622.61113,-911493.14382,290006.751395,236829.216582,57762.6218955,246596.595211,-160443.253443,178825.587334,133724.078525,522519.060511,-132566.210344,-195271.35023,-238710.846381,18676.4572428,36023.8749742,37.6127067366,-155.364717856,204.414336681,-135.970365219
3009163.99874,-1001259.61221,-723035.038928,-1016693.91332,-409704.042896,267409.078878,-243975.219141,-438192.367396,-462924.240543,-846167.113419,-469362.004645,-603673.850533,19729.3912865,-346187.737135,-121184.210852,-63693.8714539,-38.5283381333,33.2662222304,-102.994281987,-101.697179976
-1836154.43155,4931379.54826,-842590.150974,1020538.60921,-667273.959401,53200.7748086,-351854.462743,106274.108249,-504787.438778,344470.721361,-736455.008222,391937.243406,-345648.710402,172790.013047,-167475.627218,24031.7707989,-164.242557845,-175.82122055,-45.6961673264,-111.095769689
5183750.76098,-6388608.58157,-513018.839917,1266456.69957,305095.965355,556964.701261,11394.4315619,461780.017243,514408.096766,812019.896736,183161.930923,400951.488857,-172068.031586,-17778.531662,-54479.2447105,55917.4387633,-94.8403606518,100.854945474,-81.4764149175,-95.0726922686
-334926.054272,-533906.37114,641475.093701,-352667.939782,172403.56854,-131914.101026,207939.602753,59799.406826,349329.280095,-194017.747985,575651.294506,-368723.116147,153688.07272,-63857.4804188,30781.6554614,-61354.6950704,-55.7986983408,-12.4203561191,127.170856824,-111.377103386
-3362369.79045,-403508.345018,-13668.023597,2031148.21737,258822.429168,19527.2557763,57903.3034957,78870.7137766,-340655.886714,-953683.667661,-434804.738922,-338919.635174,-61646.4633653,-13999.7423593,46254.0119296,3234.02778984,54.0205186956,-53.7898664023,23.1593290872,-139.706008137
3441900.39788,4899140.75204,753777.489823,142723.896143,-215686.009959,346623.478354,279049.38232,362797.364032,6364.95306296,256005.222712,-181755.052586,392918.728285,42557.8491227,-124639.421168,36804.2029205,-41103.6341356,-0.764721030261,-4.50853235665,-48.6513864009,-128.307491962
2700319.58343,-1907110.89217,1517832.90315,-652545.974521,21494.2632606,-106187.35559,193263.427328,165116.215785,161767.652582,377530.229097,472623.752236,330039.582895,325434.322942,-69348.5372747,97613.8207272,-32051.7155372,-77.3071094081,-35.170637713,-38.9405465508,38.5184036037
3436781.29697,-4721362.90827,124294.788844,-194137.643526,-41694.3807551,2316.42702551,222833.190271,-310424.30445,207423.036768,-516989.840045,336915.495226,-568390.108485,-25421.6370265,-121247.633599,-96793.3435168,-49784.9337087,-43.6294755909,-50.1486381408,-122.29452193,-97.9747136723
-3961181.16514,-1688797.72404,-1801818.86198,-1256876.59339,-434013.757817,-165380.161922,-196610.511967,-183836.495546,-481178.516154,-559862.886413,-675741.049308,-473755.92116,-317638.438559,-291910.739089,-135000.597626,-42429.6523472,-40.553305574,13.9401589366,-94.0383821647,-50.3220430958
2021593.05619,12577747.6243,-759303.534966,473633.222021,-457538.340975,278598.935268,-195558.976234,223301.460929,-314649.363432,527384.184231,-359744.788683,202839.981433,7400.54226829,33297.8760152,-11660.2457729,8950.17523666,-39.6567707034,-17.8114090004,-9.16098337867,-70.7759364726
-962460.272586,3360418.28312,-1188264.00223,2209641.9388,27357.2720013,641046.733461,-78059.4187662,585861.173511,419745.250863,883729.043298,621760.804282,835360.131898,-60252.8212067,400370.973872,62497.7828514,121191.14116,-116.030566279,-34.9585486751,164.658770646,16.3581491827
3167911.77283,-9162257.85435,1130202.44821,-155501.096636,151804.839017,99946.2669156,-46237.0283769,-18882.9242888,489878.356987,-586835.40766,267971.522349,-457715.98227,-34311.2679026,-154011.259825,52744.3069599,-25357.4349388,-70.0137828531,39.0660214257,-9.72580554188,-9.43174391194
-10380181.551,4302756.54374,-1202111.54717,1049408.82981,-295203.085941,-395709.590964,-277615.672352,43709.7450794,-511003.7309,-559452.067829,-567994.300751,-309180.672828,-164746.990839,65411.0091534,-145314.10899,31770.3047063,-66.0734381068,-43.8436171185,-8.31767268687,-66.4333546077
-1965575.19448,5962731.35598,1084797.57123,454505.921711,-201825.901284,218970.491023,227556.879328,534761.881368,-50599.3618338,459272.23432,-324146.810904,609335.487279,-35896.8377786,178512.990879,101374.41502,89114.1705415,-138.71567273,-59.29812828,-85.194188463,-53.0904205884
3164183.15165,11338495.1802,142653.447511,1291135.62263,-168922.499968,307229.077915,252288.733969,378184.05716,389959.934876,710820.542579,591824.222742,611403.438918,-9016.98699435,75506.1608427,-32928.9074564,153876.636395,-110.420462424,-32.8868007758,-36.7854761929,-56.7349505085
644877.530126,1182085.29018,-189815.683652,-1436523.91605,195060.647102,-385288.284464,40345.2247515,-560721.078514,-62832.5590106,-1046457.02239,248254.266515,-775060.874019,-16653.1650354,-314962.290304,-146.61372463,-244112.074229,-59.349953193,-47.210254147,-53.1770931929,-37.2282571729
-8030656.2042,-1121709.32634,-1958473.8934,-354981.927935,-530049.669445,172967.97022,-435168.57163,-89906.7984946,-445783.904243,-402706.93898,-585948.979702,-459711.492538,-334046.208347,-176691.660103,-217490.049208,40577.7493681,-25.8687309001,-10.5617229373,-86.2935012271,-64.7275479967
1693550.179,-2953175.73928,-239690.740186,-474684.240687,-238156.20546,35168.8210121,-332079.643444,250629.192099,-378273.701345,886957.529685,-311813.692265,724128.151513,-207680.401021,-60583.5044486,-64025.1012818,36761.5424924,-48.4340466653,-38.0073708903,-40.9381671011,26.3599540359
-4919034.11094,6360239.15173,-3100743.35396,1436723.43227,-110873.878056,391583.177503,-291592.833241,323577.363924,316545.582034,556247.408502,204602.506071,332313.312685,-135594.666505,114023.405342,66016.1971715,111188.870659,-50.6289957461,-28.0639126665,17.5380009707,-14.3903820774
-4605436.302,-7167747.91459,-665414.693013,-1585704.1045,146121.891936,-238453.751498,94525.048293,-308777.716642,392162.962487,-786698.343367,355705.357317,-578339.076332,-183524.9316,-142612.70611,12570.9609642,-95664.7225191,-42.7762813383,10.7045194988,-28.5792504825,-73.2150225217
2878678.40576,4636351.17917,1925479.74279,1618403.09878,391300.279287,-54921.3505979,7653.38422314,174717.560081,-3083.68838708,-519896.500395,-329177.289724,-238524.286263,53571.0955972,-238534.897323,66401.0985205,11340.8013208,-35.6799257561,-9.68775933943,-75.8734158655,-45.9706258108
529110.726373,2538182.21251,-1468491.41073,787243.542215,15217.3296976,214744.402179,-317677.686565,413220.619104,-424549.643774,947635.554771,-168592.022569,792439.3183,62363.7579256,155319.145883,-104657.97474,77181.5259311,-54.4614445072,-0.374132258941,-37.3970305335,-2.00345146543
353963.212178,-3757926.61121,1069408.85424,-2567418.96337,-16927.0285663,72952.5619692,212909.820103,155937.887015,492719.349626,-20658.4132116,452098.354358,354652.052762,-83963.8133182,-183000.859606,110655.79071,38338.5983506,-59.4074475172,-23.6813024002,-22.6610522942,-32.5291979833
-10930455.5657,-7459689.87565,-669315.586831,-1617392.23274,-367484.98779,-580727.916218,-279697.825357,-542003.884917,64214.8669754,-789677.796709,-20232.0182185,-692051.819266,-179644.090834,-460762.184038,-150051.425152,-92865.3264775,-24.3164584969,-36.8723435945,-79.3191368222,-38.4719867725
-2981825.85305,-1822182.21128,-2958698.94502,-1597528.71186,-525463.145907,-102458.063694,-427971.995729,-503164.163666,-808317.679531,-388526.027418,-799701.233201,-411978.67425,-295498.943677,-335046.3873,-157960.186416,-133668.617469,-46.6577975356,-10.1010599902,-68.5834370351,33.3330574022
5396208.03474,-774258.878756,1937580.30982,-498753.804733,88760.3674084,243959.158384,-73423.4489377,297806.919818,-57987.619535,1032600.31801,232286.606251,479523.660848,42005.5072838,-47085.1644161,50861.3659998,80577.1668763,-47.7911779811,-25.036468432,-6.29098898073,45.2520715314
3214826.02755,-4044595.72979,-1189506.2941,462305.001574,463249.999919,233514.267384,-114790.058766,68401.6886649,446915.151306,263026.371001,546576.048899,324680.356514,-24681.8078689,-176650.971133,12129.4800051,-12633.6840447,-105.900533913,6.65585431881,-10.1394808467,-24.7104180128
-7731679.03416,-5177404.59989,-31898.6891609,-1298595.34916,-84399.7315424,-335707.958322,-104539.926126,-418088.588886,211752.745934,-854057.885848,-104315.826649,-887808.638903,-48501.1900257,-458307.321282,60640.8536637,-180184.147914,18.249778848,-36.7343026469,-8.21596827286,-164.075241257
-8081838.7729,-5332145.2235,676363.475549,-661996.344931,-62279.2698723,-121067.541307,-190678.754543,-122568.506028,-284758.937743,-264293.286328,-440584.139071,-3499.01005794,-47315.1294002,-217173.021258,-165668.363089,-6576.21822595,-75.1331499436,-62.2746675403,-148.987942975,16.9294267889
3731805.48772,4907300.52891,1088811.75472,451772.121292,218004.362015,210444.892955,73635.2324356,315621.497419,13954.4194847,714333.146485,-68014.6319197,666770.118735,157053.818516,-60141.4284312,156942.284821,8868.16433992,-0.906168079728,-100.124326507,26.3354414201,-19.5132207214
3048159.46713,-5267061.04102,289953.601062,-1719758.60746,220976.555176,-104115.184748,108823.807742,-281985.616728,372711.245256,-131558.931192,760140.431347,-82955.1944499,279269.520251,-313473.690593,-3778.45886644,-32763.4280482,-14.6654070184,-91.8118540596,-84.9900869463,-27.4462872099
13310084.4426,-2379796.90526,2823013.81871,-2716669.45262,105497.851362,-573246.923658,490078.435529,-822263.707917,362936.925477,-1160777.36035,251566.007543,-893001.820869,160701.114931,-598007.438978,72234.5785183,-318123.983807,57.7703894762,-79.5288089239,-32.8285744718,-35.9216185929
-4178424.54371,1763450.85134,-865592.610427,1601844.05789,-210582.611253,-97066.6594825,-328361.179087,99007.7602147,-728268.846931,375698.227494,-588457.370843,266833.511998,11805.3172872,-93739.4275084,23260.4274978,72715.859349,96.7706224246,16.5638139044,-0.852045864862,-195.31218235
-2677771.45073,-3619341.5219,-1494948.14849,-726276.571337,2658.89771484,458302.955615,-300407.112677,63857.7945877,-281106.517064,852164.734655,-164388.079171,644723.220771,1967.24867779,265.812863383,-113737.603592,7021.43803633,1.43716200242,3.50731049512,-22.2339134741,-31.3949641549
228493.32625,2033645.36459,1979390.89307,-450743.853421,671633.364135,228054.998533,260987.423563,-91736.6761129,648687.673504,245590.863736,780368.425219,50714.1913387,202354.217993,-135653.227137,214416.453175,35787.1768931,-49.3568302376,25.6546157201,-47.8016405217,-212.376717701
4623073.55915,6913818.52983,760487.85323,1837409.73232,449660.604235,-84065.8071132,278255.324461,-276975.881511,153818.068125,-885916.468873,115059.949241,-584756.14906,226296.368327,-287412.143613,38229.139015,-54957.8409438,71.1522957553,84.8729587583,205.474847626,-67.7804009987
2822361.43001,2842191.10208,135971.575272,-297025.541127,34871.8945803,-3737.87922392,34341.3531696,238410.138349,-69085.1708466,283980.067659,-616722.98248,17828.8293535,143493.846949,32656.5299598,49123.4706762,-564.103004454,-49.4908931404,-157.52849284,60.981188861,-185.179106517
4592372.82116,-8685938.21931,3786720.15879,-209448.156471,505959.732359,192755.583054,208514.311974,237725.948025,-89881.4500303,645326.296753,89101.5128716,629005.311208,118677.777989,-41455.095341,20352.5902281,-50175.8572534,30.8420006735,-119.666221585,-105.734240449,-258.96751087
-1671649.86754,1101962.04003,-754450.824805,335819.268276,147705.249738,-212935.960094,341160.49293,-129674.888585,570143.999574,-356249.919315,597809.705934,-218437.27334,197799.99546,-259389.625489,97087.6864781,-114315.700606,-113.331973619,-15.5259944863,77.7963760058,143.683525984
-1191138.53561,6058653.78789,328691.211939,-2118360.05649,207259.596611,-411815.04657,79126.2565878,-462960.280691,-320539.829984,-775098.898079,-128002.471774,-830517.740249,79928.0514158,-367633.370472,-13190.5428845,-53447.9068561,-160.250191002,256.684638363,194.052892326,25.7816777644
-8980181.06687,2422544.19138,-1246197.55007,1131825.77935,-579230.913912,164153.33055,-288601.933812,-43370.6729526,-603557.367623,56197.3369053,-758665.200017,245673.160045,-72194.3885546,-128288.92393,-67816.285627,-4771.3308608,49.3906638982,-20.9668852914,65.0244446095,107.381993103
7789245.0461,-10342595.9192,-569352.593448,-379815.986633,224273.07622,150326.659769,196791.19769,237783.269138,-158577.675486,985271.997054,152150.325645,403091.659759,143454.587529,-9815.49176087,132172.249222,7124.70942888,10.2752519508,-52.8982212338,-34.1535733565,-144.242350188
-508745.193037,2700911.0764,1687031.96734,1074421.24873,445796.840899,471776.097869,321432.116561,118727.100195,572287.376785,-341657.865287,781158.363847,-64228.459295,178311.070958,79680.1787014,-80290.6469122,71015.126361,148.871423732,11.8164584521,-81.6774081231,-278.003293694
-3299257.31993,195978.393566,1834738.59174,1624735.35726,314963.667271,-109996.95692,215202.497049,-122945.672702,342165.374276,-558605.01377,30465.8942221,-540784.916413,215210.699233,-162111.689436,112425.402879,-24422.5217322,65.1149624909,-177.143716337,152.21898062,-13.5217605935
-692298.127555,12715628.3321,-1047662.41661,2173162.38103,200733.009226,371341.838487,-84767.4352027,618310.703332,-547098.563403,586242.47496,-616159.166643,398049.242873,110176.058389,124392.964513,47943.3362225,164208.427436,61.1765184213,391.444950046,86.6290346348,-225.194719704
-1629383.69009,-632052.916954,1349605.45864,-1354477.69734,114836.10481,105179.929301,62252.7149042,93998.3435427,252217.24918,419817.100833,156316.678344,227588.973703,214725.838022,-63150.3859547,96803.3102159,-41576.8218102,-150.243626041,-221.935284533,-84.6531975928,-68.6174722752
2878710.22198,-4600148.56445,1010240.67942,-1205916.39874,174146.534776,-275450.622927,633509.627229,-359275.481342,503165.960738,-717548.024707,731752.434819,-445434.421416,112997.562065,-275468.072257,34271.7411667,-222385.508121,226.245583281,81.6643745074,192.256850238,-30.7865131873
-4744978.04764,-1961519.02653,-377406.154888,1528863.97984,-95356.910727,-232884.317264,34883.4820963,-130729.164106,-116465.733751,-775702.589392,-389091.915189,-478330.088199,79331.5727849,-233764.340387,-138315.357374,-67670.3345777,438.176609557,-145.416787322,229.081412758,-100.865097055
-4718221.30086,-41181.7207069,-2698468.5458,-180748.204794,-428931.457888,463882.173464,-432161.737758,325060.132518,-881692.317633,678271.251065,-888179.687551,240641.221256,-269456.219669,125735.225815,-169726.191479,215948.152357,117.145984425,253.043539951,389.392847221,-18.1988966122
-2862986.80875,5775709.51063,1349278.1904,1228009.31446,-96823.0314089,251810.4726,-110808.226016,528494.351146,-45287.5351021,656206.672394,382112.590528,617092.202554,118025.820456,-12242.0470454,66264.4993021,31668.0704992,-103.950508851,-418.433586639,-23.117980575,16.6589858562
-1661578.11039,1445600.60878,-2289120.92026,2607565.88218,316137.065655,355426.860919,188662.929921,-65182.66873,634498.291386,-209753.495147,656126.817138,-228844.217326,220468.007096,-2510.87140745,86237.9939097,45747.5631233,239.187225211,182.996595894,421.075021439,239.800522435
6492804.37212,-614320.123889,1089646.90668,-324755.223145,74195.7393974,299947.143293,110818.245981,150971.749028,57491.070271,-432624.434126,-190395.313506,-497731.51353,59989.3376253,48701.1470916,-43811.8583498,-31997.199019,-369.38367987,135.956940902,277.353965543,-154.873268729
-8564393.84875,5384695.70729,-393611.057086,3321545.6294,-36885.9126162,611469.260159,-406098.437928,520661.305597,-633870.818568,572033.532424,-504492.202062,462664.720757,44431.167878,114916.905006,-39260.2308126,132880.554107,-36.2419171401,35.253555696,664.445866673,-210.762297033
-839132.371356,-4072773.7817,488930.43282,-1037803.55967,190877.426914,155880.023426,389749.321487,223419.767212,336608.708765,371580.21098,399739.094672,323731.477468,216802.015901,-97426.8438426,23714.6905902,-68021.3494865,-182.11177718,17.3533634533,-128.493988658,-540.484847672
7284960.87717,-8314660.05991,1227423.94673,-1830297.45803,44811.4552667,-799090.403073,185931.119082,-371358.323123,736399.608671,-838690.119332,380758.794012,-680840.524978,180804.140655,-342854.931898,109917.486438,-203632.779304,358.233859453,-778.358283134,-640.569395848,-248.658876145
2135666.4883,-6710114.97561,-1368561.62688,-589967.983156,-419572.65481,-531380.922503,-229630.284241,-397630.889712,-417052.861697,-678030.313517,-304455.629501,-592543.927997,-66023.111707,-325315.525144,-125202.526573,-138926.806198,16.6255902967,-337.148448847,-392.992668963,-127.095673629
-5299923.86505,-3365413.60114,-4146124.58924,498486.286795,-480778.018583,386695.181357,-768463.332909,295174.394569,-1064354.14606,624084.878834,-838344.577062,591224.600055,-168142.984451,91843.0759849,-228429.445325,28114.4675734,41.8237853461,454.320072943,-55.4387113784,590.71369595
-8291473.11556,7667817.40343,-1044502.60636,1321290.20302,-344288.721527,676983.994876,-164715.576762,217166.564622,-159714.235749,363704.285918,168907.131855,555056.844063,-112510.21556,253512.507247,-2243.41197492,155745.430792,-111.462952411,-483.276935734,-34.8820677144,-483.395484458
-6482945.29083,-6152073.07087,-491188.220541,40258.5183336,119024.21502,-73300.0150281,375278.701679,80134.0633054,1034638.68648,-313618.410043,634784.918819,-317983.354587,132628.718104,-194145.576559,50493.8706073,-7471.11970369,-153.44743659,-38.5536107526,-187.481553181,312.725302003
10226974.3663,-1491966.45849,143307.616068,2481875.41604,-53374.2836987,391336.848898,-206474.856278,295947.655766,-510349.415122,145024.164042,-665548.04802,-229809.344162,-16564.0896462,123436.431716,-39882.0588752,85402.8879656,65.3610272164,-565.256964617,-395.285056148,-769.82239007
-5777576.5136,-3319652.23911,-1291424.00539,-1500595.41942,-648107.254841,-128097.574458,-423873.877332,84565.6156264,-392576.517794,57994.5249826,-215146.171428,177744.730136,49749.1355003,-113011.812879,-26418.0082253,-148203.655379,-301.090598498,-439.369844018,224.222892717,828.347559746
3889359.21965,4143913.67636,1603091.02582,973158.984246,686371.733771,146034.901924,258529.279625,183805.055578,570525.378337,621475.378948,664261.63273,553390.206698,346926.739705,-2634.62504262,150183.710564,93799.6370136,376.427356598,-208.488172457,223.960720052,-72.2682509795
2262682.9373,-7570636.02294,-1338227.17278,-2549033.78081,-147359.062442,-642607.620889,245121.636526,-640515.079902,649524.621333,-1036147.71888,309350.467987,-910631.270081,209379.326501,-374392.280805,-18795.804124,-195763.221297,-216.942851579,-386.748707031,-291.363232394,-256.484458051
3388814.26076,-7087284.67681,1093817.32439,-3165602.55681,68785.7003353,-720307.248202,45280.2606442,-415801.574404,-338656.594431,-529154.111233,-360585.511134,-665061.743095,-37325.8480772,-287890.618151,39585.7769957,-204992.58478,-341.34262441,116.9975222,-573.604471634,-149.299594144
-15640493.6811,-316658.850392,-4622628.19389,734398.400405,-1000430.59982,694636.250037,-844827.811884,379369.07112,-1272368.24977,548665.091901,-788090.840708,734666.214241,-511851.279049,-47066.1470131,-294876.395842,160594.516016,-332.857291399,-37.2008372755,98.6372167523,125.628220207
6166715.02315,5763293.93306,-232128.399963,-19644.0961799,-166242.4316,130582.388957,-13904.5351773,79264.145367,582892.40096,306224.330957,389950.273283,618700.0801,181089.081609,141726.928396,16279.0209436,92847.0094337,-48.2721939278,-384.408783703,-628.155500355,-201.775890107
-12957551.4927,-2476050.13458,-2517015.76505,371023.42951,-232134.809738,8706.25721735,-226184.713377,33747.9043256,225160.695853,-209618.217645,186115.824728,-458295.175265,-118714.618968,76011.6892017,-21153.6460614,73623.564441,-455.282505352,-69.1636311927,-291.344030684,326.726706618
7641588.85198,-10785385.656,313408.811179,-286984.119232,-29026.1256106,-46887.4260894,-379466.985364,-15029.9854871,-496131.035246,-181776.12052,-315868.781545,-152310.244004,-13361.5474856,-126779.242323,-47244.4940963,33769.5394123,-303.19022927,86.9490687907,235.195299392,36.956324088
1286757.41742,14854825.4358,952972.122124,1949822.15683,98625.8338576,541167.964329,-22816.9825225,218614.304162,-329646.752203,906418.954706,-359813.394315,629260.260603,137761.183375,329986.302,-17478.0261014,84317.7447101,-490.278361969,-36.4283309155,345.200231434,-598.072683215
2974303.65061,-4116608.9861,971266.567485,-2480584.55911,582562.462496,-233064.551163,488915.537978,-263041.800065,768167.334436,-197418.300573,868590.01116,89038.539875,261049.153867,-345847.69988,105286.169464,-136840.110701,-164.773421317,-167.646248559,-264.368105149,394.994944338
10390864.2607,-1473738.58003,2284990.67371,-2228053.77112,469270.861883,-358946.200008,481732.876896,-421865.869714,919823.63834,-670199.963602,533013.950336,-536771.681033,413143.352391,-426666.621932,95092.9636616,-77084.6056137,-60.5860224021,-267.540564369,-304.652128115,-699.025104927
-4306480.89801,-18410856.5221,-557394.015112,-1740467.71712,-395925.837976,-982797.301237,-468592.972618,-266374.654484,-830447.82144,-426288.763554,-686141.381444,-510797.825121,5071.43525177,-252872.47577,50699.5187371,-151087.542927,35.7578794631,-605.52114158,-828.58408065,10.4898989489
-12138833.3819,-11212807.3435,-5025252.95216,-3126378.60821,-743955.629904,-130339.340079,-966499.457808,-400331.04752,-1023607.93639,239775.782266,-771682.434615,347781.784669,-466984.655956,-207491.431131,-295535.049355,-87181.7092484,-468.433122437,-252.8929175,467.504794577,714.856798948
3995185.10978,-3252592.32733,1596850.61735,-1272684.61028,135938.407828,99897.0902291,390844.324873,-104355.999924,652367.713151,91366.093098,595702.216888,110460.548076,96443.5382596,-282338.611118,40439.3287236,-47694.8976254,-771.517278328,-40.4096661863,-258.355786019,-537.715094375
9562527.31982,4176356.71873,-459810.112312,2509607.86056,123061.92092,91696.4968557,97002.0162825,134315.545908,585894.895837,-161433.021044,226401.203363,-76599.460628,331319.005636,220883.17771,-60782.9029428,155582.078339,-371.402092148,-300.853053373,-417.304725755,-615.463914918
-9069733.71521,6817868.03858,-1418051.17291,107533.388577,-404806.655564,254824.790349,-477522.937234,38166.9805399,-1066462.18329,218010.759841,-729858.716294,135568.860749,-231606.497574,97928.8111891,-144847.610337,60306.9936396,-149.123572528,-489.328421105,-20.0917642657,418.838583889
3113843.05356,-3163017.50079,2045043.24581,142695.934044,263806.218083,102524.337239,249646.810256,341588.402846,44281.7790754,752472.923688,179369.099161,590018.364225,443980.534535,-59692.0519245,263983.671428,57566.5757385,-395.043373386,-168.215526692,36.3986387678,-294.337387216
9833289.11778,-4608956.27602,3804493.97644,-1528436.6797,723346.89581,-418454.502563,603572.527478,-345650.178448,1034324.14258,-180551.173532,711570.568845,-30992.507486,515249.772769,-104986.746427,114351.3586,-158956.878712,-771.857801794,-442.426076934,-1941.54686164,-48.2591070904
-2467866.7126,-18634432.6691,409667.816089,-3650833.01041,393042.169533,-894901.705776,244577.784843,-832189.21085,478283.792339,-936111.446316,201743.577168,-945686.098999,168140.514127,-585355.771561,93704.0124417,-302756.081353,-603.764151177,-502.757796188,-767.778526726,1086.66629923
10909647.7771,-7419038.79694,1689028.47046,-2841929.30146,-64819.7448986,-422017.097808,-105321.431699,-384291.396836,-907235.004814,-276723.510724,-579496.819726,-166832.848268,272805.053131,-232050.658046,21262.1423202,83095.7319255,-815.931984152,-113.902028839,-753.80477091,551.678661717
11431984.6906,3352076.19808,1075010.07597,-848793.25532,355800.696607,-209654.433652,110459.569924,-106006.892525,-116950.294149,293561.226006,-36042.3319283,389586.176982,110682.271867,-99414.8511377,85017.0766357,-98077.2244783,-441.640255955,103.850563213,-933.098637289,-434.39979278
-1055013.25937,3057509.9047,-1663660.1782,-486313.840903,209193.248367,373926.325091,119514.087225,64840.9689962,570359.140984,182976.41696,525481.318143,-58762.9121848,180883.814713,-210157.455439,46551.6760517,-72497.9149248,366.130202757,457.490719689,400.999548645,-232.100496836
1529113.1115,-17131002.6591,1418900.8803,-2171180.93212,-171840.419636,-660115.476065,159621.235087,-454363.210138,192045.711571,-769146.201077,73544.0245853,-796071.952834,253536.633753,-245944.65501,23310.1802707,-260273.59743,-58.0607051429,306.195522188,-216.185649697,338.156683339
-11045930.322,23483601.6705,-614277.55592,5983144.64423,-136207.845211,758377.404387,-479082.577341,600809.418556,-1036604.59846,733272.782637,-1056123.81756,640979.015997,-16130.1221197,460537.787144,-145924.719855,298267.880983,263.853272808,-290.858951554,-339.654145626,-827.683549216
-11798027.6334,-20479104.5947,-2735010.32736,-3837944.572,-52181.4904067,-308949.401891,-159259.293807,-275418.81198,-413533.276062,104716.563978,-465655.283331,-8374.47557782,-13217.5025253,-239067.76471,-213576.233884,-100212.702113,575.224716962,203.621513934,419.896697228,730.465591106
