68750827.0,0.0,16530187.0,0.0,3908474.0,0.0,3052572.0,0.0,2789400.0,0.0,3625336.0,0.0,2568312.0,0.0,2027310.0,0.0,11691.0,0.0,15518.0,0.0
-11170468.3546,19331971.2528,-2166830.48543,3195284.47717,-247827.949771,486876.690429,-479427.84583,367393.220596,-126910.526063,401111.443392,-32322.1573107,766673.016927,-370941.874958,768500.626449,-143295.016569,613239.324852,-257.525356317,-366.146348911,536.896935235,184.973928376
1239688.16468,-24335735.5591,-531212.643131,-6234278.55365,-178590.002274,-1176868.9751,-76050.0013542,-782587.550249,-179908.300803,-375024.115796,-763002.496537,-614561.318382,-233973.09896,-834315.602475,-329937.415435,-460585.599403,453.72688377,1537.27450692,-1618.9781573,1819.88045864
13134470.8356,3818935.38721,958585.331124,1229325.33329,341827.143803,-62457.8377241,268642.691042,156286.375645,56131.9972108,141398.283699,170947.123871,-349140.026747,230250.103857,184552.747565,119679.765503,-21771.4623177,-98.6279337072,29.9393305904,-996.016222896,277.012200915
-9212460.42778,-14023130.2528,-4086596.53948,-2044875.11619,-585471.91579,-210984.202431,-642617.169296,-368725.229267,-637455.033605,-320874.583756,-358505.651294,-1280.33834812,-460437.784004,-242728.663626,-169555.96481,-188915.28365,-163.09677994,774.361891448,1629.38462975,118.901745066
14700507.541,-687663.744018,3506338.91937,2095873.97965,742570.44307,299410.904244,693278.069471,297259.854801,358519.166803,179065.401158,156375.31769,79367.8901054,460863.522145,74854.4052015,213274.60707,53804.635955,692.226006539,104.752438286,-797.986665723,-502.605202457
913081.237039,2463766.52135,-90427.7958981,1034562.96867,277661.402795,244873.796107,-64852.3061582,182668.035974,83543.3327892,-88871.4186402,415868.171969,-37627.1108138,-83018.2764548,172880.861337,-6986.05062491,25402.474812,115.82124084,1239.69860323,-479.958498867,17.2988268958
9655889.51473,-16103211.9168,3054836.16104,-4985542.33949,555363.024323,-912253.879546,440273.273379,-796253.74827,392485.753981,-476498.115526,210338.367427,-250171.257144,195941.921551,-507391.737804,65829.4775269,-351800.775198,281.39203995,139.040441139,-623.467301003,865.793610665
3314651.7559,2339087.93972,2711883.52041,1292854.76344,346925.310433,180316.91504,87075.423743,308125.974507,64556.7295291,357586.276238,-85311.6770404,20669.6101523,147998.335723,255312.551162,14029.5825813,112708.304442,-569.147004206,953.081988553,-1117.3700828,231.676813275
-876939.019755,-13932121.3103,-1987715.74072,-2082234.87003,-115229.713416,-410975.187971,-308828.490301,-266812.377765,-187816.608778,-272828.18136,-157160.91296,-446324.716101,-378582.637479,-321456.718944,-187500.553634,-219484.589469,323.100404342,470.430227004,-341.640810185,-493.567175387
3339246.35735,-3867313.18271,-79201.8258946,-776878.756561,138274.763423,-268573.611949,304849.027384,-7461.07927232,219553.9194,270371.602596,47458.9677956,-1678.56511508,273045.257242,-175234.117507,133426.77256,-33052.9174662,339.62456128,-127.775937391,-473.384735286,-81.6843809217
-7364897.34475,-3512470.46164,-2569632.25235,954365.286218,-575416.897205,54095.0205521,-433718.014042,224502.468876,-507177.843599,406418.328242,-475363.703264,371002.387585,-256200.411564,374497.041348,-209236.196647,204172.149649,-792.369355152,-276.877819044,376.94634216,481.696654489
1313760.84091,-3143491.44709,-549679.931694,-1134239.524,-150513.189602,-391803.588987,118851.577557,-170337.197916,-128580.239867,-335115.704392,-176456.1892,-198761.295163,-113983.449872,-197563.814812,-75119.1416711,-77051.8717914,-150.858124679,-294.054409403,-590.118876737,399.996583434
3804384.96468,-3625246.76895,1275440.91341,-419101.548364,154820.307775,-51191.9281923,229479.058174,-140074.118372,149140.533801,-18355.6574426,276101.92911,29267.0652461,205442.579853,33446.5110099,60004.3992055,-54678.3382122,-174.513348639,157.585547581,204.856784327,730.544146319
-2109661.83529,-4343511.34188,586858.211405,433786.047879,50357.3651132,165980.220057,-127589.839654,-60942.0903608,36031.1932924,-89724.3476735,-3087.96609444,178304.260719,-93600.1671896,75579.6436047,-4633.57093185,33954.3270483,-414.35539717,57.5116827668,-726.481980742,483.574540162
-1091869.0277,-7481611.98013,207757.20228,-1316144.12247,-20935.8217376,-200638.101184,40201.0205205,64259.9079,152352.229144,174644.536159,-80262.9363536,-252647.626424,-33360.541091,-130975.866439,-92020.7381949,49557.1775596,-113.953562072,181.395656942,-389.464331777,-298.578764268
2396414.07334,-5279178.43015,886439.201234,-602355.028117,193535.137195,-156878.269539,37234.1711146,-46189.0764706,30856.2287998,136910.710267,113785.253038,109669.462587,-67749.2667369,19857.4164356,-32550.4908434,-19630.1831502,-59.3532007361,185.467227655,-12.2842209844,575.737249047
-8301173.30626,-9379673.58678,-2131483.2983,-1356264.10784,-593581.552768,-329306.118989,-134760.475414,-120506.054571,7065.79411,-8548.18624845,-439492.307867,72741.3717594,-246998.669348,-103398.460392,-82118.913326,46758.1796999,-283.095959752,398.589021963,583.588134393,634.395243094
-2019328.38757,-1345092.77856,-1079889.68217,204250.086628,-270384.484011,-109335.976885,-51233.123778,278066.428681,-219724.804858,327306.984727,-44933.7377875,-80919.2299693,75717.0341666,49990.3964533,-22421.2378818,-28022.0483652,-39.7565468444,58.5963383404,253.758775315,-783.983442144
-6166271.59123,4864999.60317,-2412807.28316,1734479.75922,-312457.305474,398598.80297,19427.5917953,6657.54887486,-170371.756518,-194067.574771,244246.418715,237862.353615,-6648.44006023,146699.384774,130664.08909,63054.2559777,388.190422208,-72.1460861159,214.8030161,58.832128083
-9780252.83463,-9810646.12586,-2292398.03874,-1318807.59505,-682590.598675,-22272.7823428,-336349.697739,-192283.7837,-178368.915903,-112419.444037,-315702.62973,80372.8228316,-101372.875262,-39063.5558058,-229415.580184,76738.6465785,-284.290218175,307.956365966,705.515330832,240.715417717
906569.745732,1563638.3889,2048170.7181,1613803.48257,310727.405959,215039.524105,43270.8858775,961.647501762,-219687.882454,69941.1088393,157581.590271,61848.1264181,105130.429994,160071.992106,40046.2575158,8609.40546572,331.466625616,-88.7780947721,-392.617489601,-12.5852598658
102057.195084,-2084584.4873,967508.926552,-125609.640211,214490.175717,330217.260058,344007.654712,-123066.303849,478970.085044,-379895.220114,264005.866758,-46613.3622359,-89122.069393,-10481.1631209,111058.793413,64067.1054944,-57.6740388207,348.249767368,-339.713678356,-40.1197413933
-2420662.09634,-2866632.21565,1207459.66393,-1190446.20401,-1098.51597574,-377241.058519,-257994.309169,158262.09229,149873.776227,201306.732809,-210881.255894,-195564.626954,-19146.4629257,-30575.6326214,-17938.4626121,-38757.2798261,-255.280939133,352.615812738,-422.998049646,350.720150191
-9099371.82262,2644177.59844,-2141880.42687,731785.603251,-223534.715329,13633.210988,-188354.885067,-46709.1539834,-125469.593082,212299.111566,-107000.664678,107647.379974,-107788.248609,77754.5318065,-61155.3220492,94119.3359125,-547.504081054,-28.9413466872,304.859373312,-5.63120328405
-4506519.52126,-4489675.08189,-1633769.42613,-1904041.89311,-454347.998963,-408635.246854,-103461.002655,109192.508029,-164713.241161,27785.564303,-120950.764211,-32593.4875701,-77926.9966037,-58620.1374908,-75060.0145578,-51831.2872235,207.159742673,129.095061051,503.512154972,228.611508509
-6700769.50319,2304682.58641,-1300782.5309,2867872.43227,-485461.825281,297356.153476,-294524.785467,153958.077393,-639598.865431,4975.95947525,-198064.799634,56230.9793427,-67862.9420751,93611.5575849,-27527.7709021,-48937.9562428,62.1091181953,493.556688546,-349.544781071,-357.885151833
-7948746.31734,2708812.55305,-1831546.01817,1847536.98349,-355279.036102,575619.209381,14582.937917,50261.7292607,49770.3102976,73844.1874178,116920.843362,264762.752023,55838.5640359,97922.5781204,55933.0923471,138156.956438,-656.358533844,62.2522361799,41.1400662514,-269.664671739
3748356.19561,1063408.90868,2859027.73904,-677216.710178,70839.5084646,124477.506466,6267.64400918,282500.566684,101611.556249,86053.484626,176932.004754,-32114.7538184,80438.9293742,66091.3698787,9234.75400855,-43890.3352427,-16.1826170556,1089.44767836,-155.724075007,330.278663159
964067.255563,-1690843.59639,1486766.8198,-558304.163354,498275.869837,-76739.4485414,215307.069856,-438191.138916,146935.911529,-481942.822216,234475.9404,-381488.062921,97011.3659779,-154312.543679,234875.5784,-88032.8046958,256.102126652,105.647886533,-363.628647508,112.918499644
928874.804804,-462372.557899,1278230.84147,-1476144.63094,237298.227719,-121717.401729,-54347.9493294,369437.147505,366959.626367,186937.117034,151750.623123,10492.0155879,109313.326774,-12079.8378036,29655.5321894,162242.601376,397.040945827,492.552675739,-384.443566192,362.1054598
-4357529.95129,2188496.71356,-933323.525373,351755.248244,-80178.4312415,-188562.01737,-223280.419644,-109891.910009,-194873.253078,-142963.627231,-124124.55534,-61792.6330984,-126891.507812,-37198.0418833,-108437.854227,-110690.747904,-315.803768947,-141.991460335,280.018832744,-109.564332583
-10811040.8317,-5672433.38277,-2965737.48372,-863284.703048,-538577.533598,-89588.3912549,15638.5039725,-20134.0952141,-141317.201725,-38597.620957,-345367.296651,-244047.783146,-148201.525607,-95031.6926089,-111535.472731,-143747.818057,383.485966852,462.155049762,-286.946907027,-382.834249224
1569542.10917,-152871.266775,682265.554975,1411158.17743,-142630.704952,147826.147869,-336445.173999,293653.744964,-228625.754006,294021.532204,55017.182343,-24202.4871113,32007.9438563,7807.30855359,-18775.2567983,-11017.4420358,-370.188493801,213.062150755,-184.914863156,-670.654635533
-5917465.96458,7814410.63856,-174005.895714,1269128.63197,-190274.477997,129095.983984,111062.360329,-126838.735327,-172455.404818,-189853.890796,3355.1302139,-3994.27336779,32133.3557345,34161.7967404,8243.28727626,33906.3439632,296.310671507,125.230111915,95.1598560623,189.520894442
-4103428.5199,-1366516.85293,218750.233412,-845990.258057,-55118.3292836,72204.8910161,-9662.48619216,173778.784999,-201012.136944,-15687.9711557,-208278.253218,25202.1127155,-62591.2901138,-25064.9635446,-33858.4513902,23903.3284832,8.34080300311,-52.4586911821,-100.946781938,291.246195442
240932.431159,1825903.3085,1237713.14592,-1097192.12962,196580.345695,-79516.9031627,-155814.733845,-151664.019321,17407.7391271,-405037.584103,-41874.9206187,-164876.577248,-17399.685102,-185873.438309,-62944.2534864,-130429.979871,29.8926495014,597.383049131,169.624088448,50.5010840121
-6290336.1342,-163526.153749,312363.163111,-1569836.65416,247690.493497,-92261.4789903,58204.3157947,85623.7615118,201714.963874,-88911.0507754,56487.8309237,-159584.623458,-6940.31006416,-61278.4434348,99206.7718397,-44232.1109441,18.1260594844,293.868562538,118.215411618,-52.5428929584
2633518.1699,-1820163.62833,655949.26395,87218.3517062,49529.9988878,108916.537364,-153831.916044,175837.462176,-149021.461072,195444.738653,-77169.9760896,115303.349132,-71010.0342469,64275.7730616,-110828.543446,110218.294853,287.659463247,537.233748749,-288.599823424,91.3763658801
-4931950.91895,5140045.83794,-1253951.65642,244894.917814,-101799.522821,-429726.371897,72981.5952224,-50401.0869503,119103.723255,-47634.4392534,-57774.342332,-107679.596274,-68072.7147799,-4508.856421,-30273.5869539,-114660.383564,-146.037564803,19.8411345191,1.49452414592,102.282035418
-3476656.65567,1892668.86132,-376098.595907,-541926.331709,-203199.090957,-41522.8734304,-150859.407417,252576.527835,-116384.5089,353042.712366,-37760.9090313,108758.354221,27316.3940877,30870.5664287,36096.5577552,92425.781621,31.3655640567,717.635175844,-50.7167383495,31.2321623204
2723883.32509,8726506.68922,21814.8913863,711565.237606,-168320.613313,245537.711365,185620.361155,96252.6048112,-249495.848376,24119.6850891,-181607.913452,232047.091953,16305.2495221,149112.745512,-59576.4574669,94840.6190269,118.136476548,-220.316027168,-44.9900357303,-0.00722062439323
-4923687.29412,3043577.18814,-231866.937487,-83373.1615723,-110431.842848,50328.8359882,-128520.411416,11982.2807783,-111039.844895,-18338.3831318,-107997.548941,23776.9145349,-94501.2175327,38462.7954273,-78752.4822599,73856.4413474,6.05514313575,259.601633003,209.356661465,15.3945582914
-4116732.38894,3422537.23941,-248821.651502,-290873.704059,320548.756573,43074.5769998,-90857.4348156,-61106.1664061,-159617.958837,-171799.892794,119238.924765,127842.44513,-65956.8894938,-53530.1883792,-123173.537982,-17236.0500726,11.1482350107,-206.817332102,320.908443167,-104.379701244
2508859.58173,-4314144.42678,629190.911065,-1624220.78894,266092.515075,-269012.888043,201060.387106,-90384.4956402,394052.571331,-250843.065283,2914.3914788,-239560.894381,47896.4326744,-55011.5977316,54521.6987383,-115360.725355,-32.5395364361,42.6610003753,159.790409144,7.13340171745
5546375.0,128750.26473,747903.5,-1297509.57084,244705.5,-396394.549744,-37304.0,-8648.12968219,147505.0,122178.863966,135154.5,-163319.400773,87302.0,-49552.2415537,88800.0,-3342.85805861,-27.5,-68.416006899,119.317930688,92.0185472774
1245517.78652,8706187.03397,63306.3040969,273669.199519,38051.964253,28461.7239039,241174.80946,297096.614024,311741.86414,94213.1227547,139834.344321,467254.022105,142918.518845,196237.502248,99048.7028327,195414.427823,78.2169507873,-54.4299533535,243.481225999,45.8568791666
-2219165.66667,4342531.89343,-1445041.66758,832071.602992,-225496.625841,245308.13618,-101613.736781,248148.660782,185501.68136,249320.727391,-170152.888359,196751.607978,-79982.2602132,102000.17826,-23877.7275053,102319.203033,6.12565477797,249.226946811,237.431068909,-121.801200026
-2986978.74389,-291157.260488,-1620226.26911,-859011.240748,-228759.294933,-381148.17466,55142.3157367,-430158.178252,-373113.344679,-138690.106287,123048.872737,-333322.099809,68564.8813865,-291702.047724,42169.5427537,-160072.896028,-71.6421998803,146.428031386,229.907985609,-181.57131528
2030642.15358,2089740.5706,728569.480422,996611.840906,426751.89911,104284.003498,63443.7638577,37547.321332,15214.7717328,-65281.0290229,302325.493604,237554.693003,204025.434257,74632.2538397,118360.939839,48001.119256,-102.159964529,-72.9181889007,-85.3623992218,-0.442677967686
4321147.5142,3589461.30628,459709.50179,316075.412277,86586.767817,54426.0581227,-57865.4711048,-132422.539033,-41407.9560309,-141896.159617,-109849.052346,-43667.7468274,-128504.281719,9854.82373788,-103357.928436,64319.7268937,-192.845147007,103.12861083,54.7139607421,52.3031271582
2819603.96218,929569.268569,487794.461387,-1166284.78218,106273.112104,1077.72461734,-29695.9152694,5701.71234574,-59530.1539557,-270328.352995,-170180.264119,-268538.544435,-16087.4717997,-51033.2537288,-38391.6425629,-43377.4668225,120.64747462,46.1356762334,-88.6817851635,-26.0369307408
2728840.03882,10400291.2086,-57479.786976,456039.097405,179705.053674,90643.1521875,-178116.313927,265583.732901,326977.621573,153026.642939,126140.527464,225472.059297,-53943.0311145,136381.280251,18004.4961049,142976.402977,-133.491354658,100.578885086,196.317950099,-27.1035566526
-2550720.46176,-4987665.3624,-1258710.44537,-1957166.77638,144118.804273,-551119.596323,89335.3043841,-222862.471346,94061.2639642,-293911.92325,-26998.7133263,-235735.021462,-82491.555514,-265475.294532,-14236.494413,-176173.527567,-65.4134604796,-102.972779533,-113.896340104,132.572390646
8550872.80854,-1595226.98454,409351.041567,933525.261275,389661.075254,-170649.228797,316890.078062,130901.263764,102891.176013,178128.563773,-5105.19339819,-75691.4962518,281697.41274,-60824.5749652,150482.860327,-102962.793264,-191.355061656,-178.603913604,81.88699101,-7.09869091269
-192382.699949,5250256.43348,-1074798.32102,2883136.47303,-430371.443618,190667.932793,-195206.201663,36736.9976639,-129088.208339,318080.094671,43943.3892912,208236.007723,-111544.270274,204563.887104,-60865.703928,89911.4430686,-77.6792425156,304.44153424,-63.9667090566,-169.258909305
1799875.72599,2125603.62343,225043.598468,195200.861706,-153126.265831,-62896.9469635,-159455.73957,-71046.682019,-177981.441705,-61234.5700435,-94267.2364359,174280.572278,-59597.329345,-50282.3628726,-53485.9328109,18544.6367371,-49.9541399656,69.7335957567,-40.760793839,-57.2878996754
4613043.40187,6152733.32655,424094.265575,927425.72047,-3181.98829287,372062.703903,6450.80280645,223883.328959,-60100.387223,206824.461697,-343440.941545,91818.159619,15862.3639455,154916.152042,-60009.6995599,116749.215613,-18.372773471,23.0158307557,118.271696864,54.0197041838
27823.222602,-3464214.03294,598740.635504,-1798041.64974,367388.21365,-171789.050585,-68360.7623251,-81752.8052684,96708.0529692,-218801.506129,353015.772751,-334766.251666,-1914.88874075,-147293.449877,77946.2759638,-68767.3871401,96.5213855535,-5.3682724598,-61.4449268752,-59.8057168257
10966250.4155,-2649439.77449,1235532.26927,-23235.627158,582484.953741,-71204.1509796,312010.196505,175108.442648,333896.05192,-217637.602739,327198.724963,165570.098907,249335.608108,-35935.3006121,160989.383123,49856.2593242,-106.310730289,-21.3641779203,-92.9590054221,-98.1814403054
1585968.7947,3280244.16794,-1560555.52547,836618.72996,-323108.503463,-195645.838021,38220.139605,20309.8792893,132099.249396,49728.339437,-270790.264687,-88863.4782681,-150121.432217,93917.8846683,-87167.5895931,-34678.3366355,-152.257058077,31.9343583683,-164.699063353,-32.4908422581
1882967.46946,-8081676.63241,686053.206926,-681750.04093,147786.389523,-558538.633801,111813.962989,-535102.934555,258416.758869,-101499.697746,302141.468729,-353679.566802,14200.3852995,-282475.390621,42495.2387502,-202047.290112,-135.578481717,91.1196803546,25.6734523118,-56.9236717688
2737506.94004,654508.363167,989342.640265,1475578.37207,-113462.228347,329345.308361,76180.6651967,183735.282526,-120686.139769,275704.06718,-118791.865419,305809.855544,35095.1452999,158594.054352,-76414.922869,43072.322316,-33.2032358771,95.4193584183,38.4402939172,15.7076745652
1459175.81653,3062092.63046,490494.18834,743822.13783,-312722.220146,169617.041235,-243489.826248,-64072.5894753,-230400.845234,85647.6851943,-551705.62762,94714.5112055,-273891.64284,-28434.4226686,-147649.668129,-28363.1584717,-118.746409805,57.8937800239,77.3433047679,-46.4948927292
-1238252.85232,-3128722.80879,493887.960685,245887.632736,159213.337168,-6462.83155669,-69488.138077,29500.0928257,-46984.8231607,60128.542011,64852.30349,-150583.666525,209382.745785,-155272.601506,114277.95096,34270.7559443,-93.303363491,11.9526184936,-52.6602511752,53.4012895396
1622915.43643,1647723.28681,-1083479.82235,-177522.211667,-181030.782442,115195.952236,-111840.07691,220579.70634,-229224.312234,-64400.3521831,152424.269917,279777.956292,-52642.4701469,295633.213476,-108046.246089,122258.208856,-107.724026393,25.9299546707,-52.7792395913,-66.8099883666
-415120.356185,-6396837.31372,83241.6578021,-2167072.47733,24446.2236639,-524079.050527,9854.87776713,-370740.523342,158661.209015,-322362.803922,-80552.6025977,-231381.285483,-148784.62821,-236259.84183,-17575.8907907,-241166.601463,-42.5563378515,19.31164766,-27.1315576255,-47.0648587633
6528128.76274,-6057242.67051,1774537.35507,-564683.131111,278190.171894,55525.7040302,335298.369296,-87068.1985238,169344.523127,9769.48714583,293566.977983,-255722.137696,288611.500631,-9831.39284442,164780.341616,17923.328441,-69.0840885206,41.0505456293,-97.8424236296,-67.9123669064
-1840956.27478,4660804.68968,152459.013734,1445441.95682,-363525.582521,167474.936238,-73806.0744918,46491.6575765,11476.1966301,73101.8262612,-40372.4663852,294911.508126,-182171.910294,172976.212826,-140657.11979,159336.645968,-112.401819556,14.970624982,4.07640234885,-15.3848456065
-908176.657993,553338.345642,-859708.620408,-123966.148393,-404052.313443,88025.7049842,-227240.284885,78147.5037201,64779.3416479,294359.057234,-495557.37842,173832.530229,-102763.208794,-29751.782922,-120034.388032,78519.717628,-107.728563947,72.534894847,-41.8818691078,-28.142337947
-368414.816363,-145565.378617,412298.77041,-473171.536591,-162914.084532,32870.2267061,8545.87701695,-112740.31776,-308395.840207,192587.495112,-98549.1690194,-105158.804441,-46031.6028033,124466.307617,-11138.0069464,-41977.2716097,-96.6115288155,12.8128384118,-37.0549853278,-47.6114334761
-2900690.95955,262236.453223,182992.870728,1075576.772,-112307.350295,85667.8103841,-67130.4154924,-18750.5092125,-63059.7307358,120347.157287,269229.007939,156971.116101,-117387.822168,-118037.547113,90665.2302575,-16092.0351088,-29.8514613244,1.04469327056,-131.995456932,41.0585833255
5242053.29405,-1547454.10804,2730.57684504,-771156.277468,104842.45984,181502.362177,15785.8558702,137778.903707,-145651.906476,-4021.36426486,168921.087661,5184.3227846,206397.02982,39704.8323061,18088.610915,75990.6908819,-114.464812706,105.063001238,-18.0554714213,-51.8670099137
-3750481.74799,1265356.43021,-942271.174421,-600722.801646,-601304.558502,25564.0448872,-165053.8884,-46116.4892572,-222448.595965,-211898.077518,-290892.110164,-161141.301099,-182048.981341,92421.0725805,-114647.242832,-50954.4175172,-113.771410393,14.8800697158,21.5861022911,-32.3927030988
2568051.0608,-7234719.23728,224035.759664,-2712719.08328,-10222.0257365,-372318.292151,-169817.172092,-269608.744112,206787.113086,11649.1115964,206702.154706,-305796.957559,18896.7791163,-293972.774389,86633.8030445,-113484.479411,-146.669600832,6.91719793652,-79.0256478327,-82.1945736863
5103775.22706,3174940.77641,1084630.83308,-21801.2535075,124095.001521,235224.061514,335229.757388,-6268.46912117,131341.793282,-58997.4944484,210262.425638,162341.027208,200259.109118,205574.397096,140333.559225,137879.319572,-106.597991393,18.3380509896,10.8134402053,110.193796688
-4355581.49468,307545.082383,-2122059.07669,1312348.66298,-413103.476346,417226.899448,-113956.073212,279087.206965,149144.261617,270678.241943,-337955.634476,268233.648551,-228040.101503,132946.232819,-59318.2416544,8733.12318878,-121.4071735,37.6340383342,-156.865199463,1.67940934378
920603.669622,-4609153.13728,-290804.757108,-594423.246047,-11627.5732374,-101828.055954,-179156.623957,-306999.115015,-73320.4211325,211872.909327,171864.962972,-11983.7322856,16871.3498342,-173820.988777,59541.4123992,-62487.3456155,-30.1550669088,40.562577827,-19.718316733,79.8481635572
1576705.98496,-1114038.92501,-7341.24967837,694407.748782,-437831.325026,258507.760445,100638.081218,96260.8280356,-148424.504666,-36024.5778857,42200.6787396,-27590.5523635,30755.8130251,56585.806145,-1783.80486504,-7415.12360218,-105.34934509,157.20022967,-127.499261974,-46.7010522379
353670.488453,-1485507.21604,-891938.439572,-585964.937728,-312869.623278,-62459.421156,-330545.888128,-53932.3945718,-320311.326275,94353.5265049,-91996.9795467,-241229.529301,-109412.936472,-114732.372191,-55357.9304666,-83167.024485,-96.7483323115,-18.815259311,8.4277624062,-60.7732110155
-2073071.50392,-808303.605762,50693.1462517,-989155.038491,368914.913803,229208.830629,148002.571856,-101477.145013,-137136.0105,-351645.601165,184752.968966,-211294.56279,82623.3831991,-57620.8928048,5078.24124017,-89033.1307573,45.3131975175,184.436001963,-31.0923589149,11.4219009641
-4932059.18266,-453339.325814,-2741718.48183,-481983.703496,-346061.963898,325612.371593,-255736.437917,173097.648736,21461.6897024,-146273.667178,-345003.843362,86641.916219,-241725.064036,118744.313066,-71653.5923471,91438.7073891,-29.1414661557,111.359369119,10.2202405779,-46.0943983814
1550570.48642,-4068899.62,-754908.131347,-1063260.88649,-65725.9136501,-117433.091612,-80241.9310381,-317718.456273,-86460.9154224,-43299.2500396,-335469.443006,-200214.947626,-86137.5282104,-208530.590581,-99081.2225886,-65426.4480509,-119.56315688,98.0531803745,-84.2211170059,36.6244557412
-34371.3028132,-661379.986955,-421322.428026,1912513.88194,77313.6755091,-46714.2300271,126569.419049,84530.2858417,227411.973604,-85141.4017499,35439.0889691,56205.6197964,46407.6319962,106574.777869,28923.9651987,-111584.076809,-89.6755787624,12.7727714611,-96.9087269644,-110.850901361
-5507963.30954,-814122.750632,-719900.620202,856596.29939,-496198.840346,104982.014004,-384263.357688,143402.609315,-183112.797971,406817.286122,-218766.779137,198973.003833,-287837.060948,72039.6528155,-82939.8585339,78430.9315506,-147.701647439,22.7908064763,93.0888162292,-4.59078577805
3944886.75273,148530.662515,562714.117827,1421447.0992,-19239.4286324,443436.852537,167685.826038,107189.753254,-147770.429928,132489.241483,129727.817442,85306.1228924,124772.383136,-34428.7667704,-38553.8940749,2641.35791242,-99.9624573501,152.496165885,-53.9872307634,-86.5443294236
-291915.584098,3321774.44708,-553172.594058,-196314.605558,165359.319345,210216.969334,-130200.169303,302476.09488,-47419.2643957,110503.628068,188297.362514,185979.246139,54908.2211818,260651.615241,53014.1248512,142293.211352,-81.7037585805,0.756156478623,6.93780589541,119.042220454
-4143552.83478,-69868.0862361,-926760.621276,-358932.029841,-122663.736549,130162.668015,-185431.080279,-132636.27482,-443649.433777,-41916.8217219,-285042.792478,-5472.78278044,-162936.141801,-19222.9669603,-155530.623806,163732.261073,-124.742170316,17.2007238898,-122.988695677,-69.2361408981
1091630.6919,-4874494.78554,-1256303.23237,-425924.912575,69251.9024267,-155484.06784,213250.54856,-40689.8763128,215210.11053,-232100.205787,-119853.465793,-189971.965988,118829.91859,36386.0604359,-24566.6996458,-88607.4374779,110.522378656,63.3520428228,-4.78068770621,39.1996425006
-675961.018457,-2248076.39103,-783552.735533,192865.309121,13788.1343236,-157921.551386,58440.4265448,-62467.1570123,18367.7038689,-56180.8458971,-29561.9819461,66982.7862989,-189870.025119,30683.6845488,-22293.8070176,-45504.9180123,40.2410027644,-74.2973432428,25.9131536914,56.8212558906
-477494.0,-2002027.299,-335385.5,1288594.70533,-145514.5,118982.364201,-6678.0,-69997.3692863,109569.0,-237432.988803,-189885.5,175537.287169,12273.0,-102145.964326,-67554.0,-19793.8766289,16.5,71.8801085141,-9.5,-44.167295593
-1058376.21913,1325243.644,701973.717498,958806.066978,158057.783561,149194.971286,96553.1931123,212315.296157,392337.236814,300795.396555,131688.124247,79755.7360629,80052.5187019,219530.029318,65917.7415278,71787.3479021,12.1980151495,-3.994331968,52.1341413417,-3.55423427133
-1499356.277,-2076126.36473,219095.122944,973990.605878,194022.895389,-31587.4067379,-138923.279065,-168117.42785,-329406.544621,88546.6245221,134410.10389,4727.08735999,-107058.699397,-150245.022215,-38231.9889673,-16935.2869625,-52.4023706653,-118.282338533,13.7549431399,22.6574873733
-826974.898833,2782262.99767,86112.4756944,751198.795796,51291.1927524,-121006.138729,137085.207313,144873.842006,125737.386726,-51622.9599523,113133.976216,4671.53867588,258176.710357,39787.5945402,114373.62448,7638.60418343,44.7265768219,14.5147365521,22.5380193,8.6079523787
-2805852.57522,-2348200.18746,-1202697.74983,883844.729429,-127118.782524,212608.261509,-106559.347212,111365.567005,-163718.812751,161326.466328,-52203.3608223,61247.3652824,-102479.706266,226167.530931,-44194.0561672,199665.759824,-34.5717229093,-28.3854464781,-21.5223368534,-105.432257056
-610913.327476,-6429101.21098,-1456159.34465,-1643109.65002,-188491.946846,-209156.932231,-77020.2413604,-237951.968853,-266883.349141,-443633.307203,-241664.210815,26955.957692,-51407.8121766,-236645.28794,-68156.2664598,-124607.224599,70.2656864287,161.449151114,118.910442725,40.0315458
1646821.80658,3347938.19525,2197743.0155,868233.180338,331506.977017,99660.6377167,310346.810538,48026.9026573,200523.432037,-122030.514268,114897.252125,63739.4055427,50568.8713508,151338.462111,138861.896357,86353.2564689,-102.697437413,87.6755506286,-141.523123975,64.9797651512
-6674840.05292,-1527210.56036,-626107.712679,1200887.41391,52289.6403332,-62876.1936181,-96628.0693432,-164433.014681,-68558.9080489,-232582.076542,-107275.911055,-102917.641225,-185750.565052,-146256.961945,-64962.2872683,6958.70762775,47.5340370267,14.6373240232,-80.7181080857,11.4285953744
4076186.78994,818160.838179,1033545.61762,44597.6980543,286489.470474,-184065.725596,115807.08518,55792.0450861,324719.416418,125521.316563,109356.154754,20936.9156319,215780.428761,31549.3368902,13260.8640227,9531.59790341,-124.766528115,38.2138782222,-113.138103416,192.827797959
-4523891.13321,367176.263066,910700.362076,1439897.0857,77049.4575505,33989.8239207,-99541.7341092,-23652.4858827,-85195.6597069,255368.343208,283583.138832,159167.648913,-62590.2627652,106151.549024,13277.8608591,-69648.1785491,-128.375572603,-99.553895419,9.90958970792,0.147638333006
5559117.02496,-5442032.95368,1873315.08303,-356336.883136,50904.2136033,-178718.802543,163075.593808,4376.97747297,195023.818604,-124703.557079,56592.9480798,-71641.5362831,231472.499046,-111976.356652,265911.417541,193.749753766,-205.2571705,-42.0714372782,-197.661639714,26.3271717287
-431637.793582,8836961.5623,437117.059794,2132652.25276,218856.115086,395140.967117,-38235.932006,280123.480782,-106330.549856,345068.464214,-31007.2207931,-14732.5399636,4291.71487344,207745.608117,-77995.6298142,151936.599127,47.5279519988,12.1902598267,-18.5344103778,-220.124951994
-11716936.8666,-6334568.20422,-2356210.57351,-2316821.07277,-322086.614084,-440490.094504,-181819.907885,-450537.540473,-536088.00247,-337406.466574,-261076.915513,-97374.3791066,-283917.272025,-299984.357159,-234605.078119,-217269.455871,-176.950374049,-225.470403895,50.0765057475,73.087464607
4758094.97972,-5564776.39773,2254273.07097,-2513085.61177,237434.421319,-483251.122159,209261.241751,41736.5337122,294415.770019,-291771.28584,-80498.0844004,-371175.050721,286701.698875,-106101.187629,190448.348198,-145211.249966,-25.4304745332,146.220417907,136.434656864,88.524496589
-5678406.93765,5555027.8876,-754090.797186,1830171.48204,65611.0316349,94424.0428247,-124446.105701,-22133.0937084,90072.8882969,153401.24061,234273.809167,70478.7405461,-71117.5699803,105638.130361,52986.9983583,57322.1048995,6.69274801486,-48.3550695228,89.7589202598,103.46662978
3477098.80064,-4780628.92611,972689.964643,-49969.3127759,127210.820216,-50232.7002943,238051.222092,-3019.96474535,427976.477575,-151732.481892,234563.510715,252681.636556,220201.931973,12905.3118106,90957.6789702,40894.2607746,16.5515534649,65.5731006464,24.1763079392,-68.2481938854
-101275.664244,8093015.55922,1065771.40653,2161811.86114,-19761.4983935,254329.932665,-84151.2724876,346614.11944,210417.5442,408266.866725,-32718.693854,42894.774542,-72969.6716597,238526.989983,-39429.7267022,80994.6916659,-109.835318379,54.7091685003,-172.254619841,-187.643969496
-1717034.7364,-7226229.97899,645987.927456,-1720372.62213,160736.572619,-180222.646609,232002.808657,-297691.94247,-3663.07723976,-102536.885892,170969.55369,-129742.19346,-22087.6891569,-367541.921954,12336.6373336,-230490.913305,111.67802892,138.764749279,-28.34435546,-15.9325573699
1390353.69146,4587967.72817,2462440.45843,-68505.5174572,240501.924746,141541.16784,99981.4219383,343159.766801,-41581.1760131,48996.9228951,-118037.806602,-27251.6351833,152769.08726,109695.859364,-48680.360327,80587.9958459,75.8550616556,93.3375168148,-72.4361412912,7.441717763
-12272051.3181,-2127367.52038,-2548124.58089,-646812.210722,-614790.239537,-231709.97973,-320176.18173,-437414.777764,-576132.963325,-228785.116567,-412277.567886,-530167.010547,-364704.205506,-198623.805369,-245837.761507,-237317.59023,-73.4360568893,-29.0469231912,-122.865231858,41.0768792976
5920449.97411,-2250976.43587,67268.156851,-2256442.95487,454675.458532,-221786.81105,182220.364398,-115435.366193,277596.571407,-266847.624679,209801.940908,-104133.8705,265361.331353,-91175.9757763,210061.504217,-64627.1842594,-59.7343421136,64.1395381508,-43.18143869,97.0838689393
-6475444.78717,10167441.0115,-463139.974378,1836861.93282,54216.3021162,299167.5684,-301156.189844,237255.337658,-27286.7618992,262097.91562,-277199.4041,355530.341477,-211890.2705,301657.387295,-162306.263646,199656.731941,39.701906225,-134.749130077,-126.100065909,21.6276904194
-3454091.97813,-9713086.3883,64353.9081597,-844963.487128,-113761.993181,-140266.955069,120429.813715,-228101.397491,-15255.1027331,-176719.759976,-186825.150778,22739.3151227,603.858153075,-268651.433452,-2011.50901144,-207760.401487,23.2174689429,59.581406329,24.2829947226,10.5899207551
10618734.114,10157181.0228,3598221.99555,1235738.72277,452667.148665,262541.4372,284441.590185,428842.289337,608385.199454,104577.273055,512579.59169,253288.132323,331312.799895,257599.583192,195216.466345,178480.031849,-43.5586271012,137.909328206,2.89183111935,52.2627654676
-11085039.3847,3520475.08445,-1024850.89803,892602.311893,-367551.591508,1566.22981002,-172101.67227,-10400.8276999,-116918.601341,248046.634467,-11799.1963709,174615.268787,-278697.964132,131230.348472,-180903.343315,70129.5491443,-54.6930000029,59.301642047,50.0996133206,12.1365240122
2848455.03383,-1610170.4533,291279.706079,-2215395.29015,153902.216078,-129131.648984,157712.951093,-78523.5337498,-103318.201499,58674.9107342,-97848.3591885,-109887.712444,19584.2744397,-178169.524332,20197.6221502,-23389.7828112,76.307670405,-13.3821418971,-25.5689209482,30.0314202933
-1100590.87566,4993158.69648,-352578.921184,-496036.147829,-103006.378283,256011.725382,-72058.5143156,30456.4942955,-153553.373472,275491.969816,-44838.2229569,-4292.16458258,-8072.6670331,139769.800034,-76205.5290131,183873.150689,-14.8036262646,-94.4409077498,84.5069450234,-43.2403159363
-3472033.16356,2599305.61884,-1805489.80969,-55680.3736978,-179670.523989,-26446.2941047,-34065.9493426,30696.7135233,-188169.38628,19785.5481354,-82181.0982513,252057.094555,-53977.4569163,16354.664932,-47640.1390961,19729.9108798,-135.978421934,0.856540700177,-98.4189151653,44.6177038932
985407.902138,740781.811634,28255.6788696,130061.271344,-38389.8916129,245729.95528,19995.9711521,62347.7218387,132922.080055,-2658.17808928,-1845.58397272,184322.473125,147674.45102,100797.611301,153571.787915,-6066.98267418,-68.4657560985,-11.5473605555,80.8277665072,-79.9713134413
2533727.17025,5345329.71671,195266.903249,1733021.92031,-56489.1976512,116447.395133,24180.7331197,-35279.7274465,121882.075823,-156176.696134,255157.050983,-90385.1873796,-77562.5658294,48361.8095825,18727.1342126,-26314.1558021,-161.036307004,-55.9220786373,-59.2935275767,-161.256803801
-2185011.59951,2984259.06436,-524261.316004,-529869.764224,277648.275744,-86830.4827579,146327.809724,-113128.417482,375790.624237,-144600.304419,372788.641564,118539.961838,197559.605443,-210060.846715,123825.557404,-52818.6409488,4.21611224982,-81.299190513,84.4151464618,-68.7598053571
1805604.93443,2732743.23844,3019440.66962,655625.652657,66323.7585714,424308.646362,61137.000125,232931.998146,148505.222795,498350.11106,23794.8659908,333397.801338,93048.5308043,308862.535221,-8687.01456439,197776.183873,-100.800328672,146.190956709,-58.9555164791,124.78635423
1777121.20213,2515150.08928,-1410314.3807,594712.057114,-395016.909975,-20094.5841635,-193191.320455,-58332.4194854,-162048.337649,-31813.2207868,-197584.046692,-380179.781531,-198326.93894,-151895.927521,-84280.5172323,-87256.1323993,-95.6394272057,-23.5404630002,-64.4900432219,-22.8746318857
-2533279.02848,1425524.96234,-1025169.89153,-1605044.43131,57703.2613628,100771.989084,47143.7804681,-48308.6852926,127501.305633,146508.598924,228041.842706,-803.467930917,278467.555578,-71818.4676856,186577.660158,16504.7773712,-30.7251355777,-10.7673047666,-53.7001592136,-33.4719784459
2493320.39772,3533820.59255,300939.355859,1580303.70708,-72091.9915469,452790.074163,-43319.2956912,274056.574434,-182814.963526,199494.139136,5452.48885762,442025.531979,-63568.9382638,396636.353687,-3297.42636603,151033.73804,-92.193771842,67.5148755894,21.7222760403,-70.8264211326
-2748126.6954,807721.583453,-2360604.56254,-665079.087452,-181159.729363,-69157.9757299,-108539.837821,-339647.397034,-260485.787557,-395593.176832,-240432.706909,-257335.738924,-205466.340406,-272438.878261,-71371.1527207,-174309.31474,-62.43418279,-2.17406487371,-84.4880672884,31.514129601
5344159.16236,4743913.94005,1946728.95941,980188.805126,381298.678477,230349.962019,39310.0017526,248844.299016,-67372.527793,-17826.4370206,263698.070745,74349.2037392,278067.621116,28884.2956825,128608.380453,-44364.7366695,-94.6712899514,-9.68129718577,-57.0597859411,-12.47163083
70919.7862745,6553009.51399,-571552.436994,2975264.60662,-408159.107281,338330.121736,-187331.937852,103257.946456,193460.734146,-97846.4055125,-8903.12535694,89862.8684606,-182576.709572,125071.124527,-132509.552144,120811.770514,-73.4904784631,14.6926120194,-86.1920005977,-30.4007850396
2780193.8132,-1711089.5865,355457.956985,-2610080.98864,12938.2089942,-110147.784144,223255.066925,-182792.473253,253632.171427,291028.564874,63584.8863848,-326165.666655,52963.4757896,-210304.399378,-62097.4939383,-143764.309803,-11.8620958957,6.58963347864,-81.3246629098,-62.7518371126
3159324.07169,3970769.95234,2811464.95715,1834018.56357,584334.847961,502558.090661,-8625.81845304,351817.143284,-164303.881158,235448.240883,118170.407587,276088.133094,53894.2000866,210828.274835,121558.653702,82197.8982966,-51.119947659,-50.4290613035,-43.3565979971,-7.41785654596
2855104.93997,731207.67147,-1925958.69779,-153649.687868,-135738.343014,159308.510217,34301.1417979,-26352.5400623,77436.4221301,44582.7364341,-385273.565622,-96134.5808186,-90019.1051433,-124557.529052,-28720.4777463,11640.3412357,-32.0649162425,-49.0304667224,-83.3166271953,-28.8307085819
1711020.82064,2708608.08138,11225.3283494,-1325881.07189,62173.7771051,-129806.003658,-127354.532238,8152.44355338,-471521.436442,278066.119861,-29019.2443992,-199465.781878,54474.7026557,42434.5343111,-26669.0414856,-35634.5276422,-83.3638761813,6.78170122774,5.88732986802,-39.8558252937
-1479124.09175,590914.503726,-2072138.97081,1500100.51813,-275630.189799,159461.064062,-214068.622333,27384.1513562,-241585.544871,-315148.880665,21400.9208674,95868.8437561,-136822.947979,42175.7430601,-65238.9668827,-3626.67609965,-65.9238365175,14.4995487962,-29.3550174631,29.0789102152
3738981.12024,64089.006116,-23367.5932983,-1017606.37635,53845.843731,-223166.056483,187426.525112,72798.3722683,200897.994474,106745.467271,73284.8972599,85536.7121475,133711.389336,-17381.3126087,95014.7729866,67592.591333,-51.4465984713,-12.0333934712,6.8181138214,8.19203756872
5228420.38192,3901286.75593,2562272.03023,2442445.7321,298268.284995,619446.130277,24732.6156065,192920.51849,-109654.198528,98867.2441543,-6684.02061232,388712.185455,77231.7729134,260779.137375,22323.4957865,240623.351997,-65.3762404468,-16.0682353092,-49.741025982,2.53786702478
3801401.0,-6.34463503957e-09,-923251.0,4.65661287308e-10,20112.0,5.82076609135e-11,272092.0,-5.09317032993e-10,416026.0,-7.85803422332e-10,-20694.0,4.14729584008e-10,-147112.0,5.31144905835e-10,-96474.0,4.0017766878e-10,-59.0,-8.52651282912e-14,-77.0,-51.0
5228420.38192,-3901286.75593,2562272.03023,-2442445.7321,298268.284995,-619446.130277,24732.6156065,-192920.51849,-109654.198528,-98867.2441543,-6684.02061233,-388712.185455,77231.7729134,-260779.137375,22323.4957865,-240623.351997,-65.3762404468,16.0682353092,15.5376110956,20.8799773475
3738981.12024,-64089.006116,-23367.5932983,1017606.37635,53845.843731,223166.056483,187426.525112,-72798.3722683,200897.994474,-106745.467271,73284.8972599,-85536.7121475,133711.389336,17381.3126087,95014.7729866,-67592.591333,-51.4465984713,12.0333934712,17.8309645132,-14.7920519952
-1479124.09175,-590914.503726,-2072138.97081,-1500100.51813,-275630.189799,-159461.064062,-214068.622333,-27384.1513562,-241585.544871,315148.880665,21400.9208674,-95868.8437561,-136822.947979,-42175.7430601,-65238.9668827,3626.67609965,-65.9238365175,-14.4995487962,9.24410526944,45.3612244982
1711020.82064,-2708608.08138,11225.3283494,1325881.07189,62173.7771051,129806.003658,-127354.532238,-8152.44355338,-471521.436442,-278066.119861,-29019.2443992,199465.781878,54474.7026557,-42434.5343111,-26669.0414856,35634.5276422,-83.3638761813,-6.78170122774,-88.8867529113,47.9550588718
2855104.93997,-731207.67147,-1925958.69779,153649.687868,-135738.343014,-159308.510217,34301.1417979,26352.5400623,77436.4221301,-44582.7364341,-385273.565622,96134.5808186,-90019.1051433,124557.529052,-28720.4777463,-11640.3412357,-32.0649162425,49.0304667224,-64.5737813976,-21.19853458
3159324.07169,-3970769.95234,2811464.95715,-1834018.56357,584334.847961,-502558.090661,-8625.81845304,-351817.143284,-164303.881158,-235448.240883,118170.407587,-276088.133094,53894.2000866,-210828.274835,121558.653702,-82197.8982966,-51.119947659,50.4290613035,-60.1156683182,-14.4573370377
2780193.8132,1711089.5865,355457.956985,2610080.98864,12938.2089942,110147.784144,223255.066925,182792.473253,253632.171427,-291028.564874,63584.8863848,326165.666655,52963.4757896,210304.399378,-62097.4939383,143764.309803,-11.8620958957,-6.58963347864,7.26850954776,14.6054840874
70919.7862745,-6553009.51399,-571552.436994,-2975264.60662,-408159.107281,-338330.121736,-187331.937852,-103257.946456,193460.734146,97846.4055125,-8903.12535694,-89862.8684606,-182576.709572,-125071.124527,-132509.552144,-120811.770514,-73.4904784631,-14.6926120194,-61.1429173988,120.496457471
5344159.16236,-4743913.94005,1946728.95941,-980188.805126,381298.678477,-230349.962019,39310.0017526,-248844.299016,-67372.527793,17826.4370206,263698.070745,-74349.2037392,278067.621116,-28884.2956825,128608.380453,44364.7366695,-94.6712899514,9.68129718577,-78.0617825491,5.60558810475
-2748126.6954,-807721.583453,-2360604.56254,665079.087452,-181159.729363,69157.9757299,-108539.837821,339647.397034,-260485.787557,395593.176832,-240432.706909,257335.738924,-205466.340406,272438.878261,-71371.1527207,174309.31474,-62.43418279,2.17406487371,-102.663771048,7.46668446402
2493320.39772,-3533820.59255,300939.355859,-1580303.70708,-72091.9915469,-452790.074163,-43319.2956912,-274056.574434,-182814.963526,-199494.139136,5452.48885761,-442025.531979,-63568.9382638,-396636.353687,-3297.42636603,-151033.73804,-92.193771842,-67.5148755894,-23.291074919,-14.0392412312
-2533279.02848,-1425524.96234,-1025169.89153,1605044.43131,57703.2613628,-100771.989084,47143.7804681,48308.6852926,127501.305633,-146508.598924,228041.842706,803.467930917,278467.555578,71818.4676856,186577.660158,-16504.7773712,-30.7251355777,10.7673047666,39.4621663242,8.53186651958
1777121.20213,-2515150.08928,-1410314.3807,-594712.057114,-395016.909975,20094.5841635,-193191.320455,58332.4194854,-162048.337649,31813.2207868,-197584.046692,380179.781531,-198326.93894,151895.927521,-84280.5172323,87256.1323993,-95.6394272057,23.5404630002,-49.4939002837,29.2138256857
1805604.93443,-2732743.23844,3019440.66962,-655625.652657,66323.7585714,-424308.646362,61137.000125,-232931.998146,148505.222795,-498350.11106,23794.8659908,-333397.801338,93048.5308043,-308862.535221,-8687.01456439,-197776.183873,-100.800328672,-146.190956709,15.5816161032,-95.9318888163
-2185011.59951,-2984259.06436,-524261.316004,529869.764224,277648.275744,86830.4827579,146327.809724,113128.417482,375790.624237,144600.304419,372788.641564,-118539.961838,197559.605443,210060.846715,123825.557404,52818.6409488,4.21611224982,81.299190513,22.5962043803,128.385024084
2533727.17025,-5345329.71671,195266.903249,-1733021.92031,-56489.1976512,-116447.395133,24180.7331197,35279.7274465,121882.075823,156176.696134,255157.050983,90385.1873796,-77562.5658294,-48361.8095825,18727.1342126,26314.1558021,-161.036307004,55.9220786373,-65.3050621631,90.3378077546
985407.902138,-740781.811634,28255.6788696,-130061.271344,-38389.8916129,-245729.95528,19995.9711521,-62347.7218387,132922.080055,2658.17808928,-1845.58397272,-184322.473125,147674.45102,-100797.611301,153571.787915,6066.98267418,-68.4657560985,11.5473605555,88.4037644883,69.915229026
-3472033.16356,-2599305.61884,-1805489.80969,55680.3736978,-179670.523989,26446.2941047,-34065.9493426,-30696.7135233,-188169.38628,-19785.5481354,-82181.0982513,-252057.094555,-53977.4569163,-16354.664932,-47640.1390961,-19729.9108798,-135.978421934,-0.856540700176,-44.7875006356,-127.981614248
-1100590.87566,-4993158.69648,-352578.921184,496036.147829,-103006.378283,-256011.725382,-72058.5143156,-30456.4942955,-153553.373472,-275491.969816,-44838.2229569,4292.16458258,-8072.6670331,-139769.800034,-76205.5290131,-183873.150689,-14.8036262646,94.4409077498,174.758986671,104.523453397
2848455.03383,1610170.4533,291279.706079,2215395.29015,153902.216078,129131.648984,157712.951093,78523.5337498,-103318.201499,-58674.9107342,-97848.3591885,109887.712444,19584.2744398,178169.524332,20197.6221502,23389.7828112,76.307670405,13.3821418971,-51.1033251733,-18.5909766489
-11085039.3847,-3520475.08445,-1024850.89803,-892602.311893,-367551.591508,-1566.22981002,-172101.67227,10400.8276999,-116918.601341,-248046.634467,-11799.1963709,-174615.268787,-278697.964132,-131230.348472,-180903.343315,-70129.5491443,-54.6930000029,-59.301642047,70.6591173746,8.07284619165
10618734.114,-10157181.0228,3598221.99555,-1235738.72277,452667.148665,-262541.4372,284441.590185,-428842.289337,608385.199454,-104577.273055,512579.59169,-253288.132323,331312.799895,-257599.583192,195216.466345,-178480.031849,-43.5586271012,-137.909328206,-62.692682527,-96.2831678596
-3454091.97813,9713086.3883,64353.9081597,844963.487128,-113761.993181,140266.955069,120429.813715,228101.397491,-15255.1027331,176719.759976,-186825.150778,-22739.3151227,603.858153076,268651.433452,-2011.50901144,207760.401487,23.2174689429,-59.581406329,107.133733236,-95.2868321254
-6475444.78717,-10167441.0115,-463139.974378,-1836861.93282,54216.3021162,-299167.5684,-301156.189844,-237255.337658,-27286.7618992,-262097.91562,-277199.4041,-355530.341477,-211890.2705,-301657.387295,-162306.263646,-199656.731941,39.701906225,134.749130077,-86.2476077925,-9.2969601201
5920449.97411,2250976.43587,67268.156851,2256442.95487,454675.458532,221786.81105,182220.364398,115435.366193,277596.571407,266847.624679,209801.940908,104133.8705,265361.331353,91175.9757763,210061.504217,64627.1842594,-59.7343421136,-64.1395381508,31.6368569009,-117.044363392
-12272051.3181,2127367.52038,-2548124.58089,646812.210722,-614790.239537,231709.97973,-320176.18173,437414.777764,-576132.963325,228785.116567,-412277.567886,530167.010547,-364704.205506,198623.805369,-245837.761507,237317.59023,-73.4360568893,29.0469231912,-124.02503121,38.39156572
1390353.69146,-4587967.72817,2462440.45843,68505.5174572,240501.924746,-141541.16784,99981.4219383,-343159.766801,-41581.1760131,-48996.9228951,-118037.806602,27251.6351833,152769.08726,-109695.859364,-48680.360327,-80587.9958459,75.8550616556,-93.3375168148,-114.88699101,-73.1581067779
-1717034.7364,7226229.97899,645987.927456,1720372.62213,160736.572619,180222.646609,232002.808657,297691.94247,-3663.07723976,102536.885892,170969.55369,129742.19346,-22087.6891569,367541.921954,12336.6373336,230490.913305,111.67802892,-138.764749279,5.00629793671,-10.9068255453
-101275.664244,-8093015.55922,1065771.40653,-2161811.86114,-19761.4983935,-254329.932665,-84151.2724876,-346614.11944,210417.5442,-408266.866725,-32718.693854,-42894.774542,-72969.6716597,-238526.989983,-39429.7267022,-80994.6916659,-109.835318379,-54.7091685003,-158.360596554,99.7469718762
3477098.80064,4780628.92611,972689.964643,49969.3127759,127210.820216,50232.7002943,238051.222092,3019.96474535,427976.477575,151732.481892,234563.510715,-252681.636556,220201.931973,-12905.3118106,90957.6789702,-40894.2607746,16.5515534649,-65.5731006464,150.826961769,63.9756769681
-5678406.93765,-5555027.8876,-754090.797186,-1830171.48204,65611.0316349,-94424.0428247,-124446.105701,22133.0937084,90072.8882969,-153401.24061,234273.809167,-70478.7405461,-71117.5699803,-105638.130361,52986.9983583,-57322.1048995,6.69274801486,48.3550695228,82.0375074327,-67.70532664
4758094.97972,5564776.39773,2254273.07097,2513085.61177,237434.421319,483251.122159,209261.241751,-41736.5337122,294415.770019,291771.28584,-80498.0844004,371175.050721,286701.698875,106101.187629,190448.348198,145211.249966,-25.4304745332,-146.220417907,168.069091648,-103.496167423
-11716936.8666,6334568.20422,-2356210.57351,2316821.07277,-322086.614084,440490.094504,-181819.907885,450537.540473,-536088.00247,337406.466574,-261076.915513,97374.3791066,-283917.272025,299984.357159,-234605.078119,217269.455871,-176.950374049,225.470403895,-2.62364108833,-77.4943349542
-431637.793582,-8836961.5623,437117.059794,-2132652.25276,218856.115086,-395140.967117,-38235.932006,-280123.480782,-106330.549856,-345068.464214,-31007.2207931,14732.5399636,4291.71487344,-207745.608117,-77995.6298142,-151936.599127,47.5279519988,-12.1902598267,17.4160015608,93.3393832319
5559117.02496,5442032.95368,1873315.08303,356336.883136,50904.2136033,178718.802543,163075.593808,-4376.97747297,195023.818604,124703.557079,56592.9480798,71641.5362831,231472.499046,111976.356652,265911.417541,-193.749753767,-205.2571705,42.0714372782,-124.128389338,-33.7960288525
-4523891.13321,-367176.263066,910700.362076,-1439897.0857,77049.4575505,-33989.8239207,-99541.7341092,23652.4858827,-85195.6597069,-255368.343208,283583.138832,-159167.648913,-62590.2627652,-106151.549024,13277.8608591,69648.1785491,-128.375572603,99.553895419,61.8220722119,-50.0513343785
4076186.78994,-818160.838179,1033545.61762,-44597.6980543,286489.470474,184065.725596,115807.08518,-55792.0450861,324719.416418,-125521.316563,109356.154754,-20936.9156319,215780.428761,-31549.3368902,13260.8640227,-9531.59790341,-124.766528115,-38.2138782222,-53.8164195751,-137.011033786
-6674840.05292,1527210.56036,-626107.712679,-1200887.41391,52289.6403332,62876.1936181,-96628.0693432,164433.014681,-68558.9080489,232582.076542,-107275.911055,102917.641225,-185750.565052,146256.961945,-64962.2872683,-6958.70762775,47.5340370267,-14.6373240232,-146.782304025,-44.7949639819
1646821.80658,-3347938.19525,2197743.0155,-868233.180338,331506.977017,-99660.6377167,310346.810538,-48026.9026573,200523.432037,122030.514268,114897.252125,-63739.4055427,50568.8713508,-151338.462111,138861.896357,-86353.2564689,-102.697437413,-87.6755506286,-104.490409807,-129.461014942
-610913.327476,6429101.21098,-1456159.34465,1643109.65002,-188491.946846,209156.932231,-77020.2413604,237951.968853,-266883.349141,443633.307203,-241664.210815,-26955.957692,-51407.8121766,236645.28794,-68156.2664598,124607.224599,70.2656864287,-161.449151114,109.803421028,-112.288940567
-2805852.57522,2348200.18746,-1202697.74983,-883844.729429,-127118.782524,-212608.261509,-106559.347212,-111365.567005,-163718.812751,-161326.466328,-52203.3608223,-61247.3652824,-102479.706266,-226167.530931,-44194.0561672,-199665.759824,-34.5717229093,28.3854464781,95.3871170092,25.6588200161
-826974.898833,-2782262.99767,86112.4756944,-751198.795796,51291.1927524,121006.138729,137085.207313,-144873.842006,125737.386726,51622.9599523,113133.976216,-4671.53867588,258176.710357,-39787.5945402,114373.62448,-7638.60418343,44.7265768219,-14.5147365521,55.7195284212,34.7078069917
-1499356.277,2076126.36473,219095.122944,-973990.605878,194022.895389,31587.4067379,-138923.279065,168117.42785,-329406.544621,-88546.6245221,134410.10389,-4727.08735999,-107058.699397,150245.022215,-38231.9889673,16935.2869625,-52.4023706653,118.282338533,28.877172633,-64.3187208139
-1058376.21913,-1325243.644,701973.717498,-958806.066978,158057.783561,-149194.971286,96553.1931123,-212315.296157,392337.236814,-300795.396555,131688.124247,-79755.7360629,80052.5187019,-219530.029318,65917.7415278,-71787.3479021,12.1980151495,3.994331968,33.806068706,14.0715961306
-477494.0,2002027.299,-335385.5,-1288594.70533,-145514.5,-118982.364201,-6678.0,69997.3692863,109569.0,237432.988803,-189885.5,-175537.287169,12273.0,102145.964326,-67554.0,19793.8766289,16.5,-71.8801085141,-35.5,-87.4685657822
-675961.018457,2248076.39103,-783552.735533,-192865.309121,13788.1343236,157921.551386,58440.4265448,62467.1570123,18367.7038689,56180.8458971,-29561.9819461,-66982.7862989,-189870.025119,-30683.6845488,-22293.8070176,45504.9180123,40.2410027644,74.2973432428,117.62861205,-113.327505944
1091630.6919,4874494.78554,-1256303.23237,425924.912575,69251.9024267,155484.06784,213250.54856,40689.8763128,215210.11053,232100.205787,-119853.465793,189971.965988,118829.91859,-36386.0604359,-24566.6996458,88607.4374779,110.522378656,-63.3520428228,23.3752708872,-95.3615503202
-4143552.83478,69868.0862361,-926760.621276,358932.029841,-122663.736549,-130162.668015,-185431.080279,132636.27482,-443649.433777,41916.8217219,-285042.792478,5472.78278044,-162936.141801,19222.9669603,-155530.623806,-163732.261073,-124.742170316,-17.2007238898,-32.0039753163,68.7263543726
-291915.584098,-3321774.44708,-553172.594058,196314.605558,165359.319345,-210216.969334,-130200.169303,-302476.09488,-47419.2643957,-110503.628068,188297.362514,-185979.246139,54908.2211818,-260651.615241,53014.1248512,-142293.211352,-81.7037585805,-0.756156478623,-52.359010952,-111.000229763
3944886.75273,-148530.662515,562714.117827,-1421447.0992,-19239.4286324,-443436.852537,167685.826038,-107189.753254,-147770.429928,-132489.241483,129727.817442,-85306.1228924,124772.383136,34428.7667704,-38553.8940749,-2641.35791242,-99.9624573501,-152.496165885,-45.6690645781,-13.1383200248
-5507963.30954,814122.750632,-719900.620202,-856596.29939,-496198.840346,-104982.014004,-384263.357688,-143402.609315,-183112.797971,-406817.286122,-218766.779137,-198973.003833,-287837.060948,-72039.6528155,-82939.8585339,-78430.9315506,-147.701647439,-22.7908064763,83.0882885142,-53.5269782323
-34371.3028132,661379.986955,-421322.428026,-1912513.88194,77313.6755091,46714.2300271,126569.419049,-84530.2858417,227411.973604,85141.4017499,35439.0889691,-56205.6197964,46407.6319962,-106574.777869,28923.9651987,111584.076809,-89.6755787624,-12.7727714611,-30.476097736,-23.2047344844
1550570.48642,4068899.62,-754908.131347,1063260.88649,-65725.9136501,117433.091612,-80241.9310381,317718.456273,-86460.9154224,43299.2500396,-335469.443006,200214.947626,-86137.5282104,208530.590581,-99081.2225886,65426.4480509,-119.56315688,-98.0531803745,-5.38404361868,-19.6386425581
-4932059.18266,453339.325814,-2741718.48183,481983.703496,-346061.963898,-325612.371593,-255736.437917,-173097.648736,21461.6897024,146273.667178,-345003.843362,-86641.916219,-241725.064036,-118744.313066,-71653.5923471,-91438.7073891,-29.1414661557,-111.359369119,-1.00545883662,1.74184922512
-2073071.50392,808303.605762,50693.1462517,989155.038491,368914.913803,-229208.830629,148002.571856,101477.145013,-137136.0105,351645.601165,184752.968966,211294.56279,82623.3831991,57620.8928048,5078.24124017,89033.1307573,45.3131975175,-184.436001963,-18.6601641869,-17.8160614942
353670.488453,1485507.21604,-891938.439572,585964.937728,-312869.623278,62459.421156,-330545.888128,53932.3945718,-320311.326275,-94353.5265048,-91996.9795467,241229.529301,-109412.936472,114732.372191,-55357.9304666,83167.024485,-96.7483323115,18.815259311,-66.0291191679,-39.729336458
1576705.98496,1114038.92501,-7341.24967837,-694407.748782,-437831.325026,-258507.760445,100638.081218,-96260.8280356,-148424.504666,36024.5778857,42200.6787396,27590.5523635,30755.8130251,-56585.806145,-1783.80486504,7415.12360218,-105.34934509,-157.20022967,-54.0619541829,-71.2049758009
920603.669622,4609153.13728,-290804.757108,594423.246047,-11627.5732374,101828.055954,-179156.623957,306999.115015,-73320.4211325,-211872.909327,171864.962972,11983.7322856,16871.3498342,173820.988777,59541.4123992,62487.3456155,-30.1550669088,-40.562577827,-0.0738554025931,-131.734534669
-4355581.49468,-307545.082383,-2122059.07669,-1312348.66298,-413103.476346,-417226.899448,-113956.073212,-279087.206965,149144.261617,-270678.241943,-337955.634476,-268233.648551,-228040.101503,-132946.232819,-59318.2416544,-8733.12318878,-121.4071735,-37.6340383342,-76.1419415794,-63.9288169254
5103775.22706,-3174940.77641,1084630.83308,21801.2535075,124095.001521,-235224.061514,335229.757388,6268.46912117,131341.793282,58997.4944484,210262.425638,-162341.027208,200259.109118,-205574.397096,140333.559225,-137879.319572,-106.597991393,-18.3380509896,-12.910724709,-77.6473715238
2568051.0608,7234719.23728,224035.759664,2712719.08328,-10222.0257365,372318.292151,-169817.172092,269608.744112,206787.113086,-11649.1115964,206702.154706,305796.957559,18896.7791163,293972.774389,86633.8030445,113484.479411,-146.669600832,-6.91719793652,-121.436262359,-26.1868525585
-3750481.74799,-1265356.43021,-942271.174421,600722.801646,-601304.558502,-25564.0448872,-165053.8884,46116.4892572,-222448.595965,211898.077518,-290892.110164,161141.301099,-182048.981341,-92421.0725805,-114647.242832,50954.4175172,-113.771410393,-14.8800697158,19.6312431069,-29.982322971
5242053.29405,1547454.10804,2730.57684504,771156.277468,104842.45984,-181502.362177,15785.8558702,-137778.903707,-145651.906476,4021.36426486,168921.087661,-5184.3227846,206397.02982,-39704.8323061,18088.610915,-75990.6908819,-114.464812706,-105.063001238,-18.5176823384,-96.8700562455
-2900690.95955,-262236.453223,182992.870728,-1075576.772,-112307.350295,-85667.8103841,-67130.4154924,18750.5092125,-63059.7307358,-120347.157287,269229.007939,-156971.116101,-117387.822168,118037.547113,90665.2302575,16092.0351088,-29.8514613244,-1.04469327056,-30.1519824397,-82.625253722
-368414.816363,145565.378617,412298.77041,473171.536591,-162914.084532,-32870.2267061,8545.87701695,112740.31776,-308395.840207,-192587.495112,-98549.1690194,105158.804441,-46031.6028033,-124466.307617,-11138.0069464,41977.2716097,-96.6115288155,-12.8128384118,-62.1306151183,21.0459627646
-908176.657993,-553338.345642,-859708.620408,123966.148393,-404052.313443,-88025.7049842,-227240.284885,-78147.5037201,64779.3416479,-294359.057234,-495557.37842,-173832.530229,-102763.208794,29751.782922,-120034.388032,-78519.717628,-107.728563947,-72.534894847,-24.3677157468,-13.5429661257
-1840956.27478,-4660804.68968,152459.013734,-1445441.95682,-363525.582521,-167474.936238,-73806.0744918,-46491.6575765,11476.1966301,-73101.8262612,-40372.4663852,-294911.508126,-182171.910294,-172976.212826,-140657.11979,-159336.645968,-112.401819556,-14.970624982,-86.8277485397,-38.4604706404
6528128.76274,6057242.67051,1774537.35507,564683.131111,278190.171894,-55525.7040302,335298.369296,87068.1985238,169344.523127,-9769.48714583,293566.977983,255722.137696,288611.500631,9831.39284442,164780.341616,-17923.328441,-69.0840885206,-41.0505456293,-82.2219028307,-94.925764016
-415120.356185,6396837.31372,83241.6578021,2167072.47733,24446.2236639,524079.050527,9854.87776713,370740.523342,158661.209015,322362.803922,-80552.6025977,231381.285483,-148784.62821,236259.84183,-17575.8907907,241166.601463,-42.5563378515,-19.31164766,-1.90380106228,-9.73547042339
1622915.43643,-1647723.28681,-1083479.82235,177522.211667,-181030.782442,-115195.952236,-111840.07691,-220579.70634,-229224.312234,64400.3521831,152424.269917,-279777.956292,-52642.4701469,-295633.213476,-108046.246089,-122258.208856,-107.724026393,-25.9299546707,-15.0659493341,-34.8700857359
-1238252.85232,3128722.80879,493887.960685,-245887.632736,159213.337168,6462.83155669,-69488.138077,-29500.0928257,-46984.8231607,-60128.542011,64852.30349,150583.666525,209382.745785,155272.601506,114277.95096,-34270.7559443,-93.303363491,-11.9526184936,-32.6607740392,-30.3588904074
1459175.81653,-3062092.63046,490494.18834,-743822.13783,-312722.220146,-169617.041235,-243489.826248,64072.5894753,-230400.845234,-85647.6851943,-551705.62762,-94714.5112055,-273891.64284,28434.4226686,-147649.668129,28363.1584717,-118.746409805,-57.8937800239,-12.615236162,-34.8690176254
2737506.94004,-654508.363167,989342.640265,-1475578.37207,-113462.228347,-329345.308361,76180.6651967,-183735.282526,-120686.139769,-275704.06718,-118791.865419,-305809.855544,35095.1452999,-158594.054352,-76414.922869,-43072.322316,-33.2032358771,-95.4193584183,31.9845581945,-100.566291005
1882967.46946,8081676.63241,686053.206926,681750.04093,147786.389523,558538.633801,111813.962989,535102.934555,258416.758869,101499.697746,302141.468729,353679.566802,14200.3852995,282475.390621,42495.2387502,202047.290112,-135.578481717,-91.1196803546,-29.7160475097,-70.2917523727
1585968.7947,-3280244.16794,-1560555.52547,-836618.72996,-323108.503463,195645.838021,38220.139605,-20309.8792893,132099.249396,-49728.339437,-270790.264687,88863.4782681,-150121.432217,-93917.8846683,-87167.5895931,34678.3366355,-152.257058077,-31.9343583683,-82.1526381885,-77.8358630347
10966250.4155,2649439.77449,1235532.26927,23235.627158,582484.953741,71204.1509796,312010.196505,-175108.442648,333896.05192,217637.602739,327198.724963,-165570.098907,249335.608108,35935.3006121,160989.383123,-49856.2593242,-106.310730289,21.3641779203,-108.261256725,90.6099389028
27823.222602,3464214.03294,598740.635504,1798041.64974,367388.21365,171789.050585,-68360.7623251,81752.8052684,96708.0529692,218801.506129,353015.772751,334766.251666,-1914.88874075,147293.449877,77946.2759638,68767.3871401,96.5213855535,5.3682724598,-69.494183308,-10.4292264738
4613043.40187,-6152733.32655,424094.265575,-927425.72047,-3181.98829287,-372062.703903,6450.80280645,-223883.328959,-60100.387223,-206824.461697,-343440.941545,-91818.159619,15862.3639455,-154916.152042,-60009.6995599,-116749.215613,-18.372773471,-23.0158307557,41.039333133,-71.9369421565
1799875.72599,-2125603.62343,225043.598468,-195200.861706,-153126.265831,62896.9469635,-159455.73957,71046.682019,-177981.441705,61234.5700435,-94267.2364359,-174280.572278,-59597.329345,50282.3628726,-53485.9328109,-18544.6367371,-49.9541399656,-69.7335957567,-103.802681971,-109.887367355
-192382.699949,-5250256.43348,-1074798.32102,-2883136.47303,-430371.443618,-190667.932793,-195206.201663,-36736.9976639,-129088.208339,-318080.094671,43943.3892912,-208236.007723,-111544.270274,-204563.887104,-60865.703928,-89911.4430686,-77.6792425156,-304.44153424,-36.1588552541,87.7218419546
8550872.80854,1595226.98454,409351.041567,-933525.261275,389661.075254,170649.228797,316890.078062,-130901.263764,102891.176013,-178128.563773,-5105.19339819,75691.4962518,281697.41274,60824.5749652,150482.860327,102962.793264,-191.355061656,178.603913604,68.4361412912,-99.2326601313
-2550720.46176,4987665.3624,-1258710.44537,1957166.77638,144118.804273,551119.596323,89335.3043841,222862.471346,94061.2639642,293911.92325,-26998.7133263,235735.021462,-82491.555514,265475.294532,-14236.494413,176173.527567,-65.4134604796,102.972779533,-69.3467913387,-149.861486853
2728840.03882,-10400291.2086,-57479.786976,-456039.097405,179705.053674,-90643.1521875,-178116.313927,-265583.732901,326977.621573,-153026.642939,126140.527464,-225472.059297,-53943.0311145,-136381.280251,18004.4961049,-142976.402977,-133.491354658,-100.578885086,86.4545038141,-3.49338674665
2819603.96218,-929569.268569,487794.461387,1166284.78218,106273.112104,-1077.72461734,-29695.9152694,-5701.71234574,-59530.1539557,270328.352995,-170180.264119,268538.544435,-16087.4717997,51033.2537288,-38391.6425629,43377.4668225,120.64747462,-46.1356762334,-126.008380092,-81.7783570476
4321147.5142,-3589461.30628,459709.50179,-316075.412277,86586.767817,-54426.0581227,-57865.4711048,132422.539033,-41407.9560309,141896.159617,-109849.052346,43667.7468274,-128504.281719,-9854.82373788,-103357.928436,-64319.7268937,-192.845147007,-103.12861083,-27.6038709396,-142.465736274
2030642.15358,-2089740.5706,728569.480422,-996611.840906,426751.89911,-104284.003498,63443.7638577,-37547.321332,15214.7717328,65281.0290229,302325.493604,-237554.693003,204025.434257,-74632.2538397,118360.939839,-48001.119256,-102.159964529,72.9181889007,-63.4030984347,-157.880945754
-2986978.74389,291157.260488,-1620226.26911,859011.240748,-228759.294933,381148.17466,55142.3157367,430158.178252,-373113.344679,138690.106287,123048.872737,333322.099809,68564.8813865,291702.047724,42169.5427537,160072.896028,-71.6421998803,-146.428031386,239.85104541,173.103846103
-2219165.66667,-4342531.89343,-1445041.66758,-832071.602992,-225496.625841,-245308.13618,-101613.736781,-248148.660782,185501.68136,-249320.727391,-170152.888359,-196751.607978,-79982.2602132,-102000.17826,-23877.7275053,-102319.203033,6.12565477797,-249.226946811,188.244808464,50.2007535933
1245517.78652,-8706187.03397,63306.3040969,-273669.199519,38051.964253,-28461.7239039,241174.80946,-297096.614024,311741.86414,-94213.1227547,139834.344321,-467254.022105,142918.518845,-196237.502248,99048.7028327,-195414.427823,78.2169507873,54.4299533535,190.464925616,-54.0805035094
5546375.0,-128750.26473,747903.5,1297509.57084,244705.5,396394.549744,-37304.0,8648.12968219,147505.0,-122178.863966,135154.5,163319.400773,87302.0,49552.2415537,88800.0,3342.85805861,-27.5,68.416006899,-12.3179306876,-218.018547277
2508859.58173,4314144.42678,629190.911065,1624220.78894,266092.515075,269012.888043,201060.387106,90384.4956402,394052.571331,250843.065283,2914.3914788,239560.894381,47896.4326744,55011.5977316,54521.6987383,115360.725355,-32.5395364361,-42.6610003753,166.817821333,-125.400557055
-4116732.38894,-3422537.23941,-248821.651502,290873.704059,320548.756573,-43074.5769998,-90857.4348156,61106.1664061,-159617.958837,171799.892794,119238.924765,-127842.44513,-65956.8894938,53530.1883792,-123173.537982,17236.0500726,11.1482350107,206.817332102,272.271562352,19.7455257111
-4923687.29412,-3043577.18814,-231866.937487,83373.1615723,-110431.842848,-50328.8359882,-128520.411416,-11982.2807783,-111039.844895,18338.3831318,-107997.548941,-23776.9145349,-94501.2175327,-38462.7954273,-78752.4822599,-73856.4413474,6.05514313575,-259.601633003,242.219574509,-81.665238707
2723883.32509,-8726506.68922,21814.8913863,-711565.237606,-168320.613313,-245537.711365,185620.361155,-96252.6048112,-249495.848376,-24119.6850891,-181607.913452,-232047.091953,16305.2495221,-149112.745512,-59576.4574669,-94840.6190269,118.136476548,220.316027168,-138.680782866,17.8898676129
-3476656.65567,-1892668.86132,-376098.595907,541926.331709,-203199.090957,41522.8734304,-150859.407417,-252576.527835,-116384.5089,-353042.712366,-37760.9090313,-108758.354221,27316.3940877,-30870.5664287,36096.5577552,-92425.781621,31.3655640567,-717.635175844,-140.338950884,-138.819959318
-4931950.91895,-5140045.83794,-1253951.65642,-244894.917814,-101799.522821,429726.371897,72981.5952224,50401.0869503,119103.723255,47634.4392534,-57774.342332,107679.596274,-68072.7147799,4508.856421,-30273.5869539,114660.383564,-146.037564803,-19.8411345191,-83.7778947264,-163.064081323
2633518.1699,1820163.62833,655949.26395,-87218.3517062,49529.9988878,-108916.537364,-153831.916044,-175837.462176,-149021.461072,-195444.738653,-77169.9760896,-115303.349132,-71010.0342469,-64275.7730616,-110828.543446,-110218.294853,287.659463247,-537.233748749,-346.158381591,-254.470134447
-6290336.1342,163526.15375,312363.163111,1569836.65416,247690.493497,92261.4789903,58204.3157947,-85623.7615118,201714.963874,88911.0507754,56487.8309237,159584.623458,-6940.31006416,61278.4434348,99206.7718397,44232.1109441,18.1260594844,-293.868562538,146.468440209,15.7384072054
240932.431159,-1825903.3085,1237713.14592,1097192.12962,196580.345695,79516.9031627,-155814.733845,151664.019321,17407.7391271,405037.584103,-41874.9206187,164876.577248,-17399.685102,185873.438309,-62944.2534864,130429.979871,29.8926495014,-597.383049131,88.8186929649,-93.6942531377
-4103428.5199,1366516.85293,218750.233412,845990.258057,-55118.3292836,-72204.8910161,-9662.48619216,-173778.784999,-201012.136944,15687.9711557,-208278.253218,-25202.1127155,-62591.2901138,25064.9635446,-33858.4513902,-23903.3284832,8.34080300311,52.4586911821,-142.617653394,-311.682207145
-5917465.96458,-7814410.63856,-174005.895714,-1269128.63197,-190274.477997,-129095.983984,111062.360329,126838.735327,-172455.404818,189853.890796,3355.1302139,3994.27336779,32133.3557345,-34161.7967404,8243.28727626,-33906.3439632,296.310671507,-125.230111915,-69.0863720413,-246.28886796
1569542.10917,152871.266775,682265.554975,-1411158.17743,-142630.704952,-147826.147869,-336445.173999,-293653.744964,-228625.754006,-294021.532204,55017.182343,24202.4871113,32007.9438563,-7807.30855359,-18775.2567983,11017.4420358,-370.188493801,-213.062150755,-229.995397811,526.599942933
-10811040.8317,5672433.38277,-2965737.48372,863284.703048,-538577.533598,89588.3912549,15638.5039725,20134.0952141,-141317.201725,38597.620957,-345367.296651,244047.783146,-148201.525607,95031.6926089,-111535.472731,143747.818057,383.485966852,-462.155049762,-345.75569254,324.589279379
-4357529.95129,-2188496.71356,-933323.525373,-351755.248244,-80178.4312415,188562.01737,-223280.419644,109891.910009,-194873.253078,142963.627231,-124124.55534,61792.6330984,-126891.507812,37198.0418833,-108437.854227,110690.747904,-315.803768947,141.991460335,268.832979605,13.5481604704
928874.804804,462372.557899,1278230.84147,1476144.63094,237298.227719,121717.401729,-54347.9493294,-369437.147505,366959.626367,-186937.117034,151750.623123,-10492.0155879,109313.326774,12079.8378036,29655.5321894,-162242.601376,397.040945827,-492.552675739,-438.716083109,-322.057346348
964067.255563,1690843.59639,1486766.8198,558304.163354,498275.869837,76739.4485414,215307.069856,438191.138916,146935.911529,481942.822216,234475.9404,381488.062921,97011.3659779,154312.543679,234875.5784,88032.8046958,256.102126652,-105.647886533,-504.517571551,-183.829285972
3748356.19561,-1063408.90868,2859027.73904,677216.710178,70839.5084646,-124477.506466,6267.64400918,-282500.566684,101611.556249,-86053.484626,176932.004754,32114.7538184,80438.9293742,-66091.3698787,9234.75400855,43890.3352427,-16.1826170556,-1089.44767836,-238.482748269,-379.831767018
-7948746.31734,-2708812.55305,-1831546.01817,-1847536.98349,-355279.036102,-575619.209381,14582.937917,-50261.7292607,49770.3102976,-73844.1874178,116920.843362,-264762.752023,55838.5640359,-97922.5781204,55933.0923471,-138156.956438,-656.358533844,-62.2522361799,-83.3548479927,146.312122583
-6700769.50319,-2304682.58641,-1300782.5309,-2867872.43227,-485461.825281,-297356.153476,-294524.785467,-153958.077393,-639598.865431,-4975.95947525,-198064.799634,-56230.9793427,-67862.9420751,-93611.5575849,-27527.7709021,48937.9562428,62.1091181953,-493.556688546,-331.642483586,277.92427712
-4506519.52126,4489675.08189,-1633769.42613,1904041.89311,-454347.998963,408635.246854,-103461.002655,-109192.508029,-164713.241161,-27785.564303,-120950.764211,32593.4875701,-77926.9966037,58620.1374908,-75060.0145578,51831.2872235,207.159742673,-129.095061051,419.272899551,-230.39765723
-9099371.82262,-2644177.59844,-2141880.42687,-731785.603251,-223534.715329,-13633.210988,-188354.885067,46709.1539834,-125469.593082,-212299.111566,-107000.664678,-107647.379974,-107788.248609,-77754.5318065,-61155.3220492,-94119.3359125,-547.504081054,28.9413466872,250.277042975,-28.830821147
-2420662.09634,2866632.21565,1207459.66393,1190446.20401,-1098.51597574,377241.058519,-257994.309169,-158262.09229,149873.776227,-201306.732809,-210881.255894,195564.626954,-19146.4629257,30575.6326214,-17938.4626121,38757.2798261,-255.280939133,-352.615812738,-577.160798063,-339.803391711
102057.195084,2084584.4873,967508.926552,125609.640211,214490.175717,-330217.260058,344007.654712,123066.303849,478970.085044,379895.220114,264005.866758,46613.3622359,-89122.069393,10481.1631209,111058.793413,-64067.1054944,-57.6740388207,-348.249767368,-455.668060782,-94.9306092989
906569.745732,-1563638.3889,2048170.7181,-1613803.48257,310727.405959,-215039.524105,43270.8858775,-961.647501763,-219687.882454,-69941.1088393,157581.590271,-61848.1264181,105130.429994,-160071.992106,40046.2575158,-8609.40546572,331.466625616,88.7780947721,-446.722601944,-33.7682967161
-9780252.83463,9810646.12586,-2292398.03874,1318807.59505,-682590.598675,22272.7823428,-336349.697739,192283.7837,-178368.915903,112419.444037,-315702.62973,-80372.8228316,-101372.875262,39063.5558058,-229415.580184,-76738.6465785,-284.290218175,-307.956365966,640.351330165,-330.528582911
-6166271.59123,-4864999.60317,-2412807.28316,-1734479.75922,-312457.305474,-398598.80297,19427.5917953,-6657.54887486,-170371.756518,194067.574771,244246.418715,-237862.353615,-6648.44006023,-146699.384774,130664.08909,-63054.2559777,388.190422208,72.1460861159,197.285078199,-30.1462339677
-2019328.38757,1345092.77856,-1079889.68217,-204250.086628,-270384.484011,109335.976885,-51233.123778,-278066.428681,-219724.804858,-327306.984727,-44933.7377875,80919.2299693,75717.0341666,-49990.3964533,-22421.2378818,28022.0483652,-39.7565468444,-58.5963383404,89.4931655225,778.836331445
-8301173.30626,9379673.58678,-2131483.2983,1356264.10784,-593581.552768,329306.118989,-134760.475414,120506.054571,7065.79411,8548.18624845,-439492.307867,-72741.3717594,-246998.669348,103398.460392,-82118.913326,-46758.1796999,-283.095959752,-398.589021963,490.628292722,-682.73853546
2396414.07334,5279178.43015,886439.201234,602355.028117,193535.137195,156878.269539,37234.1711146,46189.0764706,30856.2287998,-136910.710267,113785.253038,-109669.462587,-67749.2667369,-19857.4164356,-32550.4908434,19630.1831502,-59.3532007361,-185.467227655,-168.008026646,-634.740710057
-1091869.0277,7481611.98013,207757.20228,1316144.12247,-20935.8217376,200638.101184,40201.0205205,-64259.9079,152352.229144,-174644.536159,-80262.9363536,252647.626424,-33360.541091,130975.866439,-92020.7381949,-49557.1775596,-113.953562072,-181.395656942,-416.441653428,186.759822186
-2109661.83529,4343511.34188,586858.211405,-433786.047879,50357.3651132,-165980.220057,-127589.839654,60942.0903608,36031.1932924,89724.3476735,-3087.96609444,-178304.260719,-93600.1671896,-75579.6436047,-4633.57093185,-33954.3270483,-414.35539717,-57.5116827668,-785.922274615,-455.984563858
3804384.96468,3625246.76895,1275440.91341,419101.548364,154820.307775,51191.9281923,229479.058174,140074.118372,149140.533801,18355.6574426,276101.92911,-29267.0652461,205442.579853,-33446.5110099,60004.3992055,54678.3382122,-174.513348639,-157.585547581,121.316573498,-759.38511806
1313760.84091,3143491.44709,-549679.931694,1134239.524,-150513.189602,391803.588987,118851.577557,170337.197916,-128580.239867,335115.704392,-176456.1892,198761.295163,-113983.449872,197563.814812,-75119.1416711,77051.8717914,-150.858124679,294.054409403,-706.413534428,-347.507922204
-7364897.34475,3512470.46164,-2569632.25235,-954365.286218,-575416.897205,-54095.0205521,-433718.014042,-224502.468876,-507177.843599,-406418.328242,-475363.703264,-371002.387585,-256200.411564,-374497.041348,-209236.196647,-204172.149649,-792.369355152,276.877819044,199.36229434,-564.17066479
3339246.35735,3867313.18271,-79201.8258946,776878.756561,138274.763423,268573.611949,304849.027384,7461.07927232,219553.9194,-270371.602596,47458.9677956,1678.56511508,273045.257242,175234.117507,133426.77256,33052.9174662,339.62456128,127.775937391,-528.373183299,29.3066628291
-876939.019755,13932121.3103,-1987715.74072,2082234.87003,-115229.713416,410975.187971,-308828.490301,266812.377765,-187816.608778,272828.18136,-157160.91296,446324.716101,-378582.637479,321456.718944,-187500.553634,219484.589469,323.100404342,-470.430227004,-443.61250454,441.663479342
3314651.7559,-2339087.93972,2711883.52041,-1292854.76344,346925.310433,-180316.91504,87075.423743,-308125.974507,64556.7295291,-357586.276238,-85311.6770404,-20669.6101523,147998.335723,-255312.551162,14029.5825813,-112708.304442,-569.147004206,-953.081988553,-1123.40057996,-234.191465658
9655889.51473,16103211.9168,3054836.16104,4985542.33949,555363.024323,912253.879546,440273.273379,796253.74827,392485.753981,476498.115526,210338.367427,250171.257144,195941.921551,507391.737804,65829.4775269,351800.775198,281.39203995,-139.040441139,-768.643226656,-801.392627768
913081.237039,-2463766.52135,-90427.7958981,-1034562.96867,277661.402795,-244873.796107,-64852.3061582,-182668.035974,83543.3327892,88871.4186402,415868.171969,37627.1108138,-83018.2764548,-172880.861337,-6986.05062491,-25402.474812,115.82124084,-1239.69860323,-599.648452524,-54.8490662987
14700507.541,687663.744018,3506338.91937,-2095873.97965,742570.44307,-299410.904244,693278.069471,-297259.854801,358519.166803,-179065.401158,156375.31769,-79367.8901054,460863.522145,-74854.4052015,213274.60707,-53804.635955,692.226006539,-104.752438286,-946.496684186,503.983230488
-9212460.42778,14023130.2528,-4086596.53948,2044875.11619,-585471.91579,210984.202431,-642617.169296,368725.229267,-637455.033605,320874.583756,-358505.651294,1280.33834812,-460437.784004,242728.663626,-169555.96481,188915.28365,-163.09677994,-774.361891448,1538.45705645,-227.593137941
13134470.8356,-3818935.38721,958585.331124,-1229325.33329,341827.143803,62457.8377241,268642.691042,-156286.375645,56131.9972108,-141398.283699,170947.123871,349140.026747,230250.103857,-184552.747565,119679.765503,21771.4623177,-98.6279337072,-29.9393305904,-1021.02827772,-248.865924509
1239688.16468,24335735.5591,-531212.643131,6234278.55365,-178590.002274,1176868.9751,-76050.0013542,782587.550249,-179908.300803,375024.115796,-763002.496537,614561.318382,-233973.09896,834315.602475,-329937.415435,460585.599403,453.72688377,-1537.27450692,-1725.33457675,-1815.84325532
-11170468.3546,-19331971.2528,-2166830.48543,-3195284.47717,-247827.949771,-486876.690429,-479427.84583,-367393.220596,-126910.526063,-401111.443392,-32322.1573107,-766673.016927,-370941.874958,-768500.626449,-143295.016569,-613239.324852,-257.525356317,366.146348911,460.375696905,-123.185240969
