152386239.0,0.0,25030547.0,0.0,6768941.0,0.0,5525009.0,0.0,5472524.0,0.0,3709922.0,0.0,1734690.0,0.0,866083.0,0.0,16289.0,0.0,12106.0,0.0
-16351004.6422,-25177674.986,-4218742.53816,-5403782.88457,-592540.362291,-1508072.17742,-777166.893559,-1027253.2903,-211889.495991,-1432481.00392,-404164.227946,-1161392.23512,-273147.098895,-602347.402057,-118555.51246,-270894.663815,-1055.36057862,529.135117843,-441.125796643,489.122716805
11033618.9011,-20109735.0691,2589275.55625,-1228110.80269,107582.975635,-577217.983738,884822.379592,-54747.0500851,808625.382272,-540701.172106,514619.04565,-267294.895262,96742.2373047,-53762.9426498,5619.41545512,11990.6012309,-862.923632419,1022.52529717,-68.389811939,643.652222338
10294456.786,-18872116.4353,769078.701746,81987.7446717,451805.754724,465852.649398,129131.909659,70756.8239435,212283.686028,-100516.729114,-173659.961461,-123212.202881,-97439.2376848,24077.7598815,11192.413435,12655.5869844,-577.603751123,1223.92799105,-876.153038826,667.706346343
-3188423.14975,-1797430.63862,4666350.53463,-162034.954402,1156206.46535,-472086.283077,869047.641995,-586811.131516,1073468.84385,-524148.499681,550469.24557,-393321.774669,300209.231834,-36259.9365742,135474.727658,-61013.6507401,-599.142257974,-245.578984448,-543.299083108,495.450950558
3150261.39254,-23490048.5198,1758189.3312,-3575234.45069,-197648.228107,-844829.371407,-15389.3115237,-168115.784646,43471.0827939,-729155.380117,-248948.187044,-530912.713815,47853.6966362,-196380.054353,-33291.7803619,-100670.524239,-884.94153464,282.337936853,-492.01969903,348.495785398
2282519.00849,-3139045.15704,842767.636059,-607372.943481,264911.023077,254320.874303,437167.530902,-110093.681465,64396.1370289,-172767.545436,-196176.81372,30544.1751278,-36022.4034596,-68708.7864831,-41554.0877092,30742.6606704,-352.293469691,-163.776981981,-219.770221384,-143.351138066
-8579624.24191,578697.921186,264597.621718,792740.870508,350847.064975,96518.407759,529469.908002,512869.627075,199665.340052,290233.449927,61402.2047386,170109.315029,-130372.99289,64514.9754476,18381.9572217,37239.2343303,-136.420132609,204.179497316,25.916731729,132.685754161
6922181.13371,2551064.04997,3151931.2635,-1111295.65824,343039.631886,-818401.364624,488084.57174,-580672.802556,226996.04216,-86638.9265893,115135.573924,-178919.999879,159253.350223,33988.0817429,28269.8417422,-53226.6089796,-621.340559272,-314.876716805,-486.159604152,393.005704601
-1940887.94251,-4516042.49528,-29811.2326059,-838328.071796,-165775.849363,-36024.095867,130121.035959,-16904.418279,174904.016218,138946.535268,-152800.249601,42815.4246823,-19970.4609079,-51453.011382,-50263.6571547,-16395.4661638,3.86968575644,169.93012025,168.807030206,-188.637099663
-1311908.8008,976013.059827,1167144.20675,-1022014.50131,792995.670979,326767.788672,579913.700333,135193.208201,940397.143651,438353.28331,275520.382965,261566.247327,149854.068432,149752.003269,68917.45862,86152.4854511,216.053687191,391.312312866,58.7029222432,745.541260429
11806381.092,-4403703.11299,1986983.91495,440706.114905,563246.296291,-285193.602232,962948.325426,-36152.1014465,950968.157098,8767.00939949,451970.044281,-27280.5547746,122213.929477,-64408.5395716,80923.5727446,4431.38757799,-185.863770843,-86.8849214803,-218.11936956,149.218563386
6228422.01528,-5664240.88947,1270964.82596,-789814.352871,712115.339792,124805.110333,334665.628469,-124364.522908,698395.994658,-436927.359936,246675.790648,37411.0909658,62254.33846,48921.2365814,13961.6682031,-53006.9664253,734.657232797,440.948587668,637.855090496,664.902451361
907504.134452,-4666336.90397,1991912.51696,162255.732655,303006.243143,-342934.909965,295149.725009,222906.953826,508525.703117,-323541.435437,437099.533682,-114247.31777,111205.852448,-58152.4673341,32922.209456,11006.9542842,-455.474297476,682.653397416,434.650549876,-2.51651480014
8475929.88972,-9632992.30401,1030033.88912,-393110.159277,946557.886182,-182437.853825,631889.483766,147100.015327,839328.596829,-263114.422991,454181.726641,-185438.306451,171686.624079,17616.6696287,49154.4944152,-12736.2615455,-315.586878869,327.040778445,202.810225094,-261.899704196
-6356209.46443,-6017790.6802,1086921.16374,-651517.607171,-318342.792062,-260127.833713,455009.880531,-536839.762613,264826.460898,-787451.397323,130912.050768,-842553.768011,-7352.33010271,-223628.429922,-1449.80989706,-73252.3502477,-256.837473007,664.999740134,-232.183340486,-1585.15951802
-12496149.6771,3024717.96136,1934941.07068,853881.439529,494513.857283,138889.663962,277109.228003,-73108.3966435,173355.38808,-201956.628933,-291122.343122,-89381.9264495,21951.0542911,110333.986334,-11088.4750955,28492.8288392,-272.64299628,669.670860042,-480.469864438,286.80471099
-20100649.2472,-14850179.4573,1456613.10769,-836983.13201,-4579.82787394,-203021.517616,249255.467277,-238569.201357,-89295.2145568,-371169.680147,-94777.1436636,-213009.621242,-28984.3148534,-100423.321985,1580.45000369,-2826.36989308,216.26411712,572.836295822,184.467001714,-168.518104529
1485796.57661,19907232.6972,543596.176172,531428.915795,-20661.2134002,108263.975333,185109.954625,233303.517246,114077.550953,71006.2696473,-173042.870898,115870.685463,69046.5797352,113526.755236,-20857.762431,-7127.93465281,651.678084852,59.7256065366,180.277983829,663.208537331
-8135054.09663,-6890996.23386,389337.559863,-751897.588568,345704.353014,-410905.26421,-29376.9815211,-350614.151579,-27968.6952668,-340579.474209,-259809.595458,-231640.715017,-37617.2544457,-218299.900051,-30202.7967129,-49543.050166,203.20736997,-416.359799869,-325.144173357,-476.094350625
18586916.4638,15706348.6825,3049766.32091,1278535.70992,820046.01838,401929.95858,421574.592836,350278.639818,336801.422132,792328.982946,19567.1597428,500248.099116,35647.8929729,189186.25835,31513.7838961,84332.6479024,-36.0521132037,276.105393032,-391.766347967,512.966094595
6671236.23403,10889394.1095,2042574.5118,445591.669797,175377.87736,-57339.7660529,310709.577845,177802.797196,718127.517801,217482.881135,267915.207681,-19507.8797397,28862.1711768,51442.4129664,12717.374002,30438.7434273,-503.183322377,203.237197275,-178.622011568,-296.480533207
-11172643.4352,-4506190.56399,-513965.226924,-1630885.68365,283723.291706,-324835.464463,430517.043327,32678.605428,413749.319868,-178170.305879,168163.076841,125043.021012,93163.0523577,103402.092666,31079.4351035,886.518790448,198.555955914,-21.2066761806,907.653804801,11.3022953243
8265688.03223,-9122345.49556,3498367.61732,143394.055196,678147.424181,-46509.7799196,956123.762236,-187507.106084,695445.339909,57514.1959175,146324.695617,-159003.213377,159192.58251,-85576.6248652,40973.3771436,-5439.78989759,102.090184932,212.218523998,-361.551685717,382.137783147
-3188476.19359,3737650.0164,287387.191853,1503252.78329,473094.306269,136357.150443,-44763.4138871,14423.558045,756091.265332,2242.59380696,297397.866904,415833.834971,94370.5318568,96179.3310156,53719.6304289,30484.5519004,155.250294746,109.803648969,601.958559594,-16.7778834664
-5331273.34253,-10729152.1479,3410130.40394,-3480356.58388,517724.685677,-403907.887125,750154.668123,-529110.51298,706305.916558,-805684.817556,482028.274159,-494971.025322,158266.148279,-195778.552253,40674.8124819,-68594.9801395,492.228993361,351.606657963,264.992901866,421.034336058
894992.352998,9096633.035,-214911.918795,922261.395396,641787.065747,545963.922091,-285199.515461,66221.9246601,-17671.1939934,-246324.058453,-63364.0057778,-147583.356038,-61687.2853519,121913.245369,-22963.5372446,-9263.34275294,119.129263667,-18.8024279598,59.6182742763,390.855132287
-8304394.1031,4367926.45987,960779.97935,499972.894799,345036.079637,-263796.600718,757603.366001,-147477.97381,200560.578296,15754.2706959,76048.9760913,-189315.91257,159383.224463,-51165.9282556,-16204.0794228,13725.4733075,99.5648183981,-357.165512944,-478.094022144,333.911991045
-1534345.69946,-6355532.65814,3229576.15685,-1645104.8557,211136.731079,-965618.325211,20264.6179235,-262618.598073,354245.826425,-627389.047592,17722.1857703,-270519.601002,65107.5760737,-188569.062663,35229.6545445,-104445.441845,-620.853013727,484.629475308,-186.888005849,348.410256477
-4087258.71993,8924075.80288,107154.181672,1137578.37777,286538.570298,155080.700148,425621.26761,-157732.700435,27768.4168965,-353199.028463,-102663.85916,-321756.635314,-43496.9695959,-89214.3655587,-44787.6021357,-31087.8841849,141.658485375,-5.80538521011,-446.711066779,-141.056334333
-3108877.43977,4129491.87941,1354161.23631,45181.3318938,-614776.411563,-77761.4276778,-267551.996825,325411.960701,-447261.170203,18456.3225463,-555871.695151,61301.5475113,-121751.734199,83386.0715329,-81094.4347547,23792.7853702,-332.353477713,315.129781774,-449.2761525,228.455717775
9263061.30011,-4635019.75288,786706.92373,-1546756.41017,163927.312724,-158873.638662,344052.708697,-548373.000948,153925.236693,313964.92853,-12343.8690109,266766.322827,74628.9319726,26427.9826493,-12828.6565422,56087.8699732,-242.367335547,-82.2290608137,549.360340831,-53.237709257
3806184.43612,4846705.63964,2064564.11516,2261081.97779,397274.654434,874787.44344,186350.026366,455691.646234,341548.585429,399714.956247,185752.251656,341997.798152,7126.14527881,100597.311157,39436.4007767,25684.1999938,309.143502221,267.915491105,50.933980757,-189.859447385
8755362.25637,-2928221.1868,1745148.30398,-2939389.3742,546640.056333,-417877.401008,365201.092097,-649621.115349,627433.818089,-197353.612997,244412.579034,-161592.496419,150290.346148,-73168.7019755,35118.2525465,-33990.8968076,-163.741034912,219.242655821,30.3990773635,183.285176934
3954999.35397,-73193.9722,381512.537907,2133920.77684,817705.905755,144789.099707,284537.160962,557746.609292,461939.130258,365594.019975,77994.7365103,254512.305006,68362.8990617,106865.202178,-12264.2615703,51806.034777,-99.1371265856,-401.441728924,-493.847318371,-564.46896883
3758964.97106,-4739520.5269,2036113.19453,382386.186253,433308.954396,-13248.8164382,554676.205103,-248276.764088,944716.131214,34275.4972464,355825.464585,68899.6030624,194415.84863,-92049.4809062,99819.9085937,20515.0211343,-405.40168264,187.315844869,-35.3279454272,244.776898763
-16202052.546,-1825335.29204,2051938.12609,-1499521.22936,354637.788081,-228118.944346,528200.15525,-334489.957469,719262.146329,-480157.164983,391118.123637,-268708.025245,50243.2779795,-92708.8925911,46007.3169309,-71511.4060862,89.1549011207,86.928179856,8.98615662845,-286.193015336
-3408139.69616,-16330932.89,-197385.915278,-644395.87338,310943.378416,-10308.3558087,-138032.766549,-380387.837479,93751.8171348,-601604.690219,-38069.1740905,-348969.579597,-29565.6939172,-80303.2896407,-44680.5249735,-23156.2748132,156.406206484,12.4760337856,-313.801136015,-203.913672353
6290310.95913,5715787.88512,2177375.44266,111034.738166,415849.944845,526717.777343,924925.723933,2656.4891648,564911.963984,32797.9874595,169560.957434,99744.8504817,64159.4939404,127510.015421,41519.0707191,17413.6917598,10.8218716628,127.116082603,400.699135142,115.997993379
3774308.4889,4100604.85299,1790919.11597,242364.96535,1099639.2575,-458153.390881,311177.426749,-417821.459297,496495.109255,-523106.481171,319452.619996,-317689.181128,237742.055246,-181798.837877,86878.9278577,-55613.7855262,-2.19655200607,-135.973251129,-38.0626883729,-81.0806034687
-1297924.67482,-9436248.01306,2544800.36388,-1374530.20539,174175.934368,-321437.38619,14051.2359028,-310946.514811,161675.619337,-522281.690106,21047.5649929,-358759.780592,-101442.230086,-112127.973093,-17362.3412101,-72429.5131176,-56.6754786385,306.555244917,96.1465887931,-340.844361598
1619442.44062,7888175.69585,-368439.106007,792475.292925,-223781.107961,-46420.392225,-324846.567139,192700.887828,-438890.021763,-146785.135998,-384666.816319,-143650.806629,-71991.5812162,4960.17911851,-94013.1125864,-8076.7555983,-200.619219548,245.896076598,-38.2936075777,-72.8962939425
-5906370.48539,-4628344.92366,280930.318837,-708149.480977,142674.443816,-225482.631473,44436.6942198,-76018.369095,-143100.595582,93564.629555,-145925.169236,15072.5845887,-44215.9072581,24083.7845046,-7786.37506883,26999.8159194,-20.2364037025,158.915368134,-14.1660009694,-198.644559553
314289.227998,-6315861.03153,2769573.53056,756382.099896,371438.007077,-140055.34818,636930.369754,-67379.3472231,327551.162323,52338.8903739,-20599.9456884,-28233.6249647,124475.123115,11624.8539473,23056.2363904,-27617.9130664,-257.783321199,-1.19783044722,-93.6814889258,-210.243066806
-2722230.25517,-5403921.0007,1662618.82364,-1209814.2218,-244690.028018,-73942.5468623,77038.1465589,-643372.508214,85321.4249008,131500.006629,-223746.752302,116704.318535,-73788.7672153,-40080.3666643,-13064.657748,20409.1706643,-255.534051946,170.710712175,196.467495979,99.6530561079
10256305.0,9983390.16641,2180121.0,348298.096894,1253760.0,635440.943874,704210.0,584122.010497,670275.0,249162.436872,274059.5,472183.896931,152097.0,142573.762225,47244.5,61800.4388395,-15.5,-257.209544924,77.4352447854,18.3038475773
-8927784.04975,7152109.40473,787874.361376,-135126.839506,665790.454136,-160676.503296,522463.811054,-399328.19081,501415.158698,-67588.7998145,403691.125672,18192.2468176,33185.7358477,-35605.7960601,74989.7220118,6538.06959543,-341.090140199,-77.127023948,-114.310979085,-80.4627381342
-1214240.32701,-10674055.9201,509374.748157,611246.688456,132273.846869,-774292.895213,23339.7186265,-380666.685074,116746.495825,-270546.051231,73534.7051007,-244987.34872,26654.9217227,11914.6381139,-46980.4185606,-60277.3631037,-270.608532795,77.1515540112,-397.174631117,44.8250677521
7254810.63563,-4275249.10032,2801400.17781,-1634017.10004,475240.573262,112915.093895,252007.351114,-263252.032944,631294.515067,46103.7395004,115259.409202,-48964.6196621,113714.966079,-975.369404242,89319.5448612,39059.9717489,-14.9911370459,272.442007407,174.394877341,141.667322167
5243686.54399,1179903.82097,2738086.54349,978610.447614,987019.115595,396490.677152,638130.511446,520790.391755,595089.467741,-146422.195758,311430.821971,-11556.4521627,195648.505261,107727.897894,76190.794212,1102.31872903,92.3722058807,-83.2914762622,60.8512803533,164.829315754
-15228508.3247,-18722972.7111,-791409.374113,-3029220.65069,-47986.6631191,-848112.334713,567437.635862,-772425.275719,521902.042972,-819253.259732,77865.336134,-519659.916512,13158.2597721,-195447.110996,21828.4431344,-96466.4734869,-37.0703407513,-188.622513249,-103.975510403,-160.257823129
8930837.11655,313040.054528,2709022.75242,400459.364421,427337.883079,-273893.122763,145299.124169,-53862.0149692,-10391.6497516,-410050.14921,-42396.901514,-63361.3557806,88741.3773344,65459.3415857,-5948.78375117,-19873.2057514,19.0445521031,20.7659957353,133.477068423,-28.3015197406
-1782503.60016,445055.191561,573045.409595,336780.707321,-235281.675633,145514.09498,27970.4572889,-271488.508872,-291914.134604,-304570.450157,-222594.516516,-159157.133836,-19413.6228793,-95455.3767997,-23946.5694696,-37725.8363952,-117.508477304,88.056649703,34.6858860937,24.5781793263
6246467.74724,1442964.91451,2613363.23483,-1238804.71665,734264.495645,-225285.202605,192557.183107,123173.425913,395467.291462,150436.037508,340496.420046,126275.717385,188590.143079,35350.4900964,53164.4312429,30090.1521151,57.3697855006,89.8613379331,112.56769142,-142.726928848
-2259485.48406,1486436.21347,477911.332343,-1579497.08554,5492.2983794,-400468.546483,320242.3756,-462070.50851,156901.8029,-324323.441438,-160219.55052,-422795.638263,-367.956182982,-76042.1600788,-1892.67943368,-42956.8959726,-39.6089436806,-20.5927282439,14.4305231719,-172.721282024
-781276.99909,1440421.70496,289961.785521,24232.1308527,362956.198288,-117661.683095,56795.0193504,23247.1315153,-91298.76835,102781.834239,-200862.857583,45634.1056129,41869.7397918,-9987.81788007,15494.8521884,29904.822081,-13.3150053317,17.4591022367,113.863868692,-91.2229023604
-7329278.59084,-826111.578684,280510.81436,882581.812068,-439991.648037,-85641.3456811,9990.36859477,321852.112749,52713.128103,306113.464426,-239093.02683,342704.117156,-52836.9652366,69016.0570506,208.879225678,33196.7412386,-20.0211057827,128.817170385,-94.9083278976,-116.413744294
9838890.42901,9840096.56085,5117208.6475,619834.026732,820009.284648,247519.26325,964888.818194,537381.476671,954949.133439,61328.2377052,404720.444996,172128.643001,239310.109406,74999.7565406,76909.693207,3207.17202754,98.6035391988,33.995934051,-0.487925959369,-7.73319510038
8237600.4456,-2753838.81856,-1177552.75096,-2420201.50997,147800.34115,223083.107773,207576.459359,-548871.510196,-4715.58847759,-170735.024944,-1750.61223027,10303.8379354,46354.0228261,-97067.2533554,12482.9102804,-4404.62984306,56.6255267983,-65.6387092058,-51.7741581084,64.2071181364
2642259.98574,9082614.01021,2092463.65007,115160.345718,782280.922753,145293.646054,447961.98036,465465.715618,562262.24016,280194.531596,254971.76413,18243.3418123,104615.975649,81384.7718149,47182.2949816,42629.5660044,78.6053332239,-23.897544334,-39.380275211,155.213766333
12621764.227,3489312.59693,1881704.20325,1888842.37253,582758.702122,425450.086812,593334.484025,-129541.52373,587942.080335,-1816.12987246,312430.674366,55941.2973885,99050.6417529,-2066.81741496,42511.0139825,1549.23916754,-41.5831032771,11.4123797172,-99.0302020251,52.6239408684
8985074.68044,-7962357.52697,3490481.91407,-2786113.38678,866067.464736,-386728.870172,841406.046498,-402757.558195,611083.65343,-546322.25618,332657.588853,-442720.647429,125328.790321,-62974.9851857,60320.4407178,-40149.325208,10.1162571453,-41.2934983645,-37.7607961811,148.682653153
-2715205.45063,-12221383.3996,-1860097.22497,-1355506.82137,-437913.946396,-903048.359124,-350010.997278,-356417.347149,-375935.034164,-625206.89033,-291646.436588,-251172.705219,28049.1374155,-122987.39555,-43016.5534005,-43655.7022764,-19.7378039224,20.200215377,-70.6177923839,-81.7278924414
12573305.0469,-9256487.95453,2331625.21706,-1336897.54983,365659.561854,305776.627801,471903.769686,119544.912524,234085.53046,-44569.5676356,17694.6284778,-168045.193361,17971.004991,-78770.0893313,11819.9624263,-47649.7212879,-25.164762033,-0.145093255628,71.6083191733,-67.6632844642
-9264548.38734,-5639282.85839,-1433249.02831,938738.355826,-306948.191827,67540.5631259,-227001.175043,-36680.6334214,-258659.60615,-161782.377812,-318015.332862,46356.486807,-114862.086035,-25268.9229359,-58739.1112789,39529.8046086,-36.8928542951,-66.8356543779,150.20269321,106.067017399
-2152593.72776,10287554.4344,3500685.21012,533670.489175,963479.253517,121208.384004,698146.890269,119232.782889,145652.47907,328648.926729,103057.995524,49699.9822349,106686.39677,242756.442608,58988.7715784,33288.4017857,2.24604094861,-28.7736448952,-79.5437172102,144.222561935
2385897.17057,-2239257.78929,321526.643383,-1779221.00727,-259143.90974,-199314.387836,134791.676129,-3738.63749342,88373.9572014,-202417.74601,-167431.322064,-50542.6882005,94550.2764623,-142645.385118,-51293.3319445,-14802.0173757,-4.21107383057,1.05463961259,67.9846285948,-77.8347611846
-8214824.45486,433578.859172,897803.454518,410161.074595,437037.03206,-89062.4050539,281713.834947,-40224.700692,64446.4871185,215956.988593,57890.7894827,172890.458602,43883.0330713,27510.9650367,34522.5515528,14741.7846175,10.8994366481,3.41542876661,134.354806403,13.2322046896
5717744.47209,-4703451.40045,1971850.28469,-2429423.59527,754628.290033,-429302.305168,582741.311346,2936.03377733,400887.902864,-134418.223478,99960.4037593,-300495.637913,104833.008822,-174225.378363,43382.410571,-27768.6090144,-13.9797654075,32.1044265461,-81.2822119147,-19.5800006548
319013.588438,13377919.2204,-1581189.74782,1217399.92803,-18147.6093554,-30926.479842,-447074.540135,-156230.789692,-65421.719116,301452.451928,-307887.733305,228278.017536,-154177.957442,146787.041599,-61232.5361316,37942.9301205,-50.4551628574,4.61761371165,-32.4311774112,-179.71838896
-3933205.91667,-10772685.4847,121756.470847,-125836.878932,-553530.842447,-65964.5683549,84326.5228484,324680.845459,330034.821494,149570.3982,52868.2072049,153795.00777,53937.5433118,13586.8672746,-6130.2283911,51394.2403634,-70.4018089824,-2.15233478094,95.1191357426,-146.324550491
9761661.80977,2573381.15545,1794516.55912,-13080.4219159,1359259.79713,591241.796802,389492.4484,-8040.47884313,606562.676774,21625.0951487,332394.036143,222412.601417,103663.459525,104596.058391,72665.5983061,26198.6488206,-90.2138326331,11.1577804499,-82.9947894102,30.5595330816
3845613.51087,4179997.26495,1908502.98345,1086202.13612,242287.627727,-563237.003563,604524.148121,134063.723104,320507.531223,-113068.93798,113256.839409,-229707.734727,76630.1595706,-67376.3101283,20577.3968963,-12134.7681143,-53.1548792365,-70.0468632424,-251.685763448,-37.183804958
-1567383.79432,1991113.206,-1116718.95096,358257.874229,188901.823573,-330353.865926,86976.0625813,-282061.390547,177350.459006,-309656.933847,55509.0572776,27258.7716726,64006.6724183,-334.82805804,25590.0049392,-11704.6557738,21.0537687293,55.4971292742,-54.442850978,17.2921599669
-423820.721729,-1636384.41497,2107830.51123,-110444.460374,-209536.351794,-90267.5910601,198873.089706,52267.8692921,-57001.7658197,-26626.4338976,60542.7106434,-207977.483829,5293.08338096,-23483.9687901,-4501.44123641,-22947.9204573,-166.697677747,36.5779014274,-114.984017266,48.986721
-9159355.92745,6005726.95434,-944379.329017,1407272.68527,-137835.095621,114193.909091,-187390.680033,10192.9768272,-209887.616211,80775.3096241,-241402.167703,-48018.9378275,-91992.1890126,101615.350835,-72900.1825276,36672.7565094,-22.6188728282,-0.7450817566,-18.011515586,87.7513372879
445382.603664,-46509.0428276,686039.810221,-1381714.28925,-418754.877126,-222931.423493,12760.9163124,-150223.136651,-4424.42235578,-3240.20541786,-243798.427274,-224119.839069,137938.302909,-38227.7038715,5635.67469228,-23396.1322254,-72.8947171844,94.7192897143,-6.04239271068,46.1006666894
828283.97569,21541775.3166,1245488.73234,4603544.75263,541444.467339,819355.409279,162733.112144,560304.202155,24813.5285037,572545.604778,-331034.551126,658059.063691,-14705.1926745,126787.301949,-38202.8740599,81834.3329987,12.1337448515,8.88479812367,100.343419896,23.0926740745
13804367.0967,77856.7231204,2127273.49711,-377601.280097,347510.576878,-61364.9807637,181371.206604,179156.94727,343425.128703,91587.6107629,360672.748961,66888.1830903,165062.246132,-33587.0686747,67897.439923,36208.435039,37.5573377051,-47.9859099404,177.388218344,151.525201318
-8840601.23608,1054753.91239,2117560.46556,644384.514249,195319.525984,-234097.378904,11122.7518725,324665.407885,-168573.560025,335467.432958,-149598.465542,74877.8289331,-88144.0685101,-7985.88446487,-43376.5187939,-23833.9277081,-63.9971726344,64.9127630554,-34.4795015556,126.800701784
7744225.23791,10054961.4335,1099374.79785,554123.729575,-46950.4449215,327817.516524,265910.630117,294259.454749,53321.3034373,592163.37377,-62339.3631672,241968.834538,54307.3564591,55977.0278941,-23622.4661331,73419.3119912,60.7221657178,19.6806359149,-78.0479537237,-56.8886414394
1083167.1031,-5382926.95386,497474.52065,1692301.69639,607095.420363,541434.176291,114784.133999,185795.086849,527641.421704,552305.370947,169331.023909,374058.581522,23894.2755367,101817.900818,58362.0794228,72517.8977562,-20.0648183981,64.3354207532,152.687933999,-157.316761573
14337028.3044,-6440767.35064,4514541.12329,-1959529.76848,809119.657135,-729239.627273,1008149.87286,-78944.6751389,776816.646534,-89489.6561401,459577.585596,-206229.517823,250778.604677,-52665.1405797,88374.5363931,-34532.4850132,-34.205074393,44.1643070524,-93.6576906227,-42.7617680452
4412071.52485,-4943706.12529,87616.9403927,26948.1065268,-282800.908518,318847.515218,-78317.6611047,-138087.719912,223620.472286,131760.511823,-187300.322409,27363.5020409,-140643.613167,-26810.3374931,-7168.53792886,-15808.2535371,-152.198969901,-1.57091254517,42.5131340202,-5.60977912172
-6280918.57063,722921.539082,1740618.51691,1407435.74453,321772.501272,613414.356583,581027.115881,484220.699113,518095.252211,266662.625794,159512.613433,339162.917179,149360.700738,89266.9499083,48017.0563365,51950.5568821,-4.78001272584,15.1431855805,-17.525453004,0.688287820781
-11689029.2282,-6859709.96633,1253242.80084,-143601.204227,924913.373622,102940.328516,-24615.1277975,-149696.527923,211016.549444,-182061.832459,280656.27201,157162.164729,48661.015197,32321.4291704,47079.831671,-31030.5909943,-24.0654019207,182.078175659,-128.943606363,146.032074402
1752063.07914,6255032.06588,1046711.18037,965458.218423,72816.0700106,-238721.518183,370287.594753,249869.386488,393805.709242,131007.214276,221409.413713,-204909.331556,84474.258509,-50091.6958195,-12076.5082455,-39558.4471678,51.8592041892,54.9168941063,28.6605860662,-38.9014709215
-2873077.95121,11975356.9694,1994857.82564,-381642.842103,307044.050381,51150.4691333,-10051.0609286,-16704.8650324,24170.6965339,-208057.996619,-173508.123127,-147204.082973,47929.3872874,-2107.89002562,16162.9365153,-20627.8304881,-0.223607684142,35.7594687569,-106.174044708,116.375249471
1725165.4995,-6025111.46167,2622580.94452,-131809.36333,552304.903776,2097.79954009,692589.789987,21833.7369493,342206.841945,536016.891612,3788.50084706,90972.9121501,70973.3471971,7082.46904936,2326.09865094,36309.0019261,43.1538906344,29.6406766856,-84.2270284321,-208.926424248
1055953.27252,-1836014.76294,-148162.006045,-417033.840169,-194116.612729,-376694.118382,-163623.165113,-132685.432706,231350.483333,-157621.644409,-83337.8602678,-27192.7221449,-55866.4488231,-41137.6805121,27959.4170315,-61923.5123256,8.41440554579,-76.250652526,224.653409816,-73.5051567764
-4209240.0,15282681.0186,2372663.0,1427715.62427,188567.0,360496.930732,390998.0,251786.493845,380975.0,243304.641041,74856.5,278852.38579,216765.0,119291.53527,-426.5,28870.688886,-35.5,32.04293994,-105.5,40.7031939779
7937834.41138,-15356829.6176,1757767.40061,-2073605.41765,682053.002531,-94768.0245995,-206530.774401,-140166.331658,114676.596201,-80187.6702686,-98356.2020669,3558.14981124,-8211.12100762,-207937.123234,22623.2909763,-41073.4359793,-29.6906464006,49.1516489025,-133.619802007,-10.9874054566
5240950.16364,7761230.61119,1142992.33905,1826093.7712,245302.323832,331358.564138,391802.54624,485338.048526,201193.271696,818533.688513,267147.939573,480374.94939,33055.7678408,164407.837299,2002.63396031,61556.0810643,9.0003857619,17.1085019654,-131.370103985,75.1445342324
1814266.78432,944887.645423,2174400.01106,-2440468.69094,676236.811281,-79752.0914683,632871.031946,-168972.493023,865310.565794,97298.6254526,368672.557217,-173576.722473,138114.845707,-78633.7663838,86367.0912052,-19889.6530816,10.8020824324,122.805099428,60.5600372789,25.8802790513
-5189822.3812,-5642497.85857,-859097.063525,120788.446078,588631.940668,55060.2145691,158356.770862,63999.39859,381241.792762,13993.5572166,107366.375103,-51192.7453186,14196.287258,69160.4996237,5010.43527336,-12667.1682205,84.6455799276,-33.9018846205,20.1548021335,-172.422702609
-2377048.03297,2109996.28415,2385983.01858,1708835.61796,168666.336692,-247895.406998,602769.131266,525782.100711,264437.361978,245861.482444,73828.9229747,151521.271178,68096.6008456,-75668.2262969,10521.1586959,-6696.50806954,25.9632613544,-55.6277358187,-127.118986209,-121.230672337
1850450.77383,897908.650134,553272.557265,-2907122.00347,140675.339367,-673592.840606,301951.960572,-756416.683565,604648.680941,-419574.919685,163887.433075,-206030.698867,29698.398499,-127392.21234,23901.2479859,-69571.005356,-37.1015871802,46.3646427719,-45.3520142287,272.350854817
-5922391.2864,6562585.56372,1453482.35595,1926295.1,261811.027133,1011781.97133,188012.378621,350065.110333,58689.5789557,103423.737918,-94896.2608889,146722.060256,-105724.763199,92670.2190201,-8145.68413252,38066.1262252,10.0843432584,49.6176951911,-168.853874562,59.745853947
-861615.174604,13969928.1942,-561504.094621,701334.272305,292048.849786,163837.284791,-109898.192006,89667.5992105,-29849.0935752,381627.262255,69037.4253099,159624.065539,27363.2106123,165682.054575,-5212.83623305,16551.3149257,50.1159500635,-50.7388251733,116.568098121,123.162979881
-5039532.80814,461644.268905,1563403.56223,-1006350.08455,187529.705185,-595939.741096,305214.729552,-153576.004005,372429.603834,158347.41989,24022.1568695,11383.6134137,58715.0025934,29257.3635205,-2025.89460537,-20048.9584097,-121.812404856,-66.8527452264,-64.7488674193,177.232377663
7774894.21137,10097755.3616,3132985.17157,2823949.58252,551061.081343,310227.860172,546674.093841,511714.801844,675777.075002,-6839.72271575,385442.072503,79653.9834495,227884.425883,18937.1719671,82958.6980622,16093.840876,-173.175702274,20.6167304838,12.6090815268,-72.6980844319
10078522.7428,-8116644.04514,-814153.53024,-2533167.65074,-76081.897738,-736932.425822,25202.2933447,-464453.422693,-167833.726495,-191678.763255,-316901.530763,-257616.160502,-50120.0966909,-183315.818436,-19543.1122205,-77371.2080929,-21.4803767793,-247.489527558,155.224700086,-15.8824055879
6603557.10867,-630843.63862,1943557.32665,2397357.47832,-51992.9782004,335786.439901,87329.9115112,737016.565834,222443.246337,521921.281927,7384.09904547,454765.151725,21263.278617,183657.276692,-27416.4187729,40382.2461145,-243.898337435,-73.074978644,-131.597961999,-77.8915671376
-1443387.16988,-2213244.64752,1866786.3696,-840747.685925,425863.568791,468765.87844,784612.683022,-6231.80401326,542293.373377,337884.256173,257274.613058,113003.914534,46403.0474466,101143.049191,70012.0517123,69319.3809025,-37.0113433614,25.902159458,-173.203118555,118.004138466
10208649.8065,800524.905475,1967681.22039,1539095.77803,821910.504255,424500.448594,568167.684179,144891.141058,715644.910828,208801.785884,313536.027444,99620.7664694,282079.905243,69656.9474724,81165.1677229,-4685.16902345,-93.0124583695,-6.52762131877,-110.212886927,-11.2483075218
-2393006.60812,-7885233.80007,1729893.16528,-1754816.659,462357.887683,-450822.06577,260440.799502,-313075.978786,461403.155313,-118091.357474,245820.116935,-73575.962773,87325.0191153,-148091.929961,42030.9924247,-36762.276136,-47.5436541648,25.3434503292,-48.7910663659,114.879160429
3542298.78453,-1333663.44004,1487824.9055,1730798.22824,926052.112774,271642.057104,658561.227661,612391.763437,536773.53267,-162735.775493,252715.484298,119968.905912,78089.0550692,-3688.31475593,42586.8856224,-6672.22875221,-11.4985093553,-46.7480729881,-255.985358493,185.30007852
-130041.22246,7055737.55502,926065.096642,-919066.81586,377022.476208,-304168.58228,413766.602827,-108032.657956,408102.406137,67738.736962,343939.627865,-142608.332264,43275.2721222,16479.178746,61796.1931149,14305.6591729,-18.4483082122,-54.6182302299,100.266406389,-25.6705138742
2587813.48406,3852321.31002,2703710.16766,828086.862966,412632.201621,-594112.438061,165863.1244,-157168.083979,127106.1971,-154306.062085,-50976.4494796,-371115.475113,47735.456183,40580.9634779,2543.67943368,-79317.7678134,-174.891056319,5.67358294833,-10.1565411519,22.2221057829
11662077.8751,191309.224753,283617.889588,-1115042.15476,-504017.885488,179878.109894,416458.610642,197397.22406,378493.857667,33856.3358412,-162512.574497,118074.353111,114118.723346,-15668.912472,-12263.4552931,8123.95248945,-2.17427322411,142.170218661,-44.6792106536,131.522997428
4721414.5911,-8693034.64565,3819554.90977,-197238.548194,631126.147717,164610.205117,660683.622457,-197162.239437,493891.795775,-52550.2955353,239262.4811,-28284.1636457,176740.685533,-65884.1255687,75526.2346389,-10658.5329564,-156.393588989,-29.5313583322,-10.8987617344,168.021654638
-492466.957383,1694112.84139,295999.725203,-1092039.19064,612233.987281,37130.7534252,499101.652585,-118364.411574,325658.11733,-147774.904522,51589.9458692,-107052.986824,-14303.4209965,-80294.9038197,19829.8148928,-62297.3446817,128.105434772,82.1316017087,10.4866407903,17.5875147601
13181807.9842,-12193527.7851,1428039.71608,-540305.115019,-76827.3688962,-368871.744544,-90382.5141706,-171194.055199,-203712.60252,-39968.6404161,-169929.483598,-83873.5911418,30055.672585,4093.73115815,-25565.1131795,-34913.1909278,-24.7503958484,92.5249116667,7.96001397853,2.41830983162
-10914776.0448,3300600.56981,-475150.769922,999587.181624,-141001.999792,350524.441507,162189.113712,647655.568153,216525.882857,590138.953752,8413.70396868,338259.852927,77391.6077658,100227.474841,-22337.7347189,72267.2076636,-11.2708367005,64.2808270772,-24.7028762708,-44.0973485353
4748114.608,-3088718.66148,3243234.0431,-401118.446092,689460.535758,450085.284754,367447.315376,357865.685431,591829.88147,192330.40502,253569.715506,64014.8373588,125618.490212,-1215.75255166,50185.6132478,34668.0084617,78.5584677866,176.437441372,-17.5011289976,43.2989381725
3540891.85108,-12575856.7657,-199004.956418,-2585258.45165,109832.247665,-804070.132367,581220.676885,-104748.050693,15828.4993561,-206108.55203,-57043.1895537,-149560.083384,27530.9068396,-187046.71079,-8892.52429672,-68989.6018453,24.1060994015,-2.55002889163,107.892240152,-12.3960020545
-593020.098763,9157013.41249,872372.2948,1408599.17147,295482.299249,819504.856367,183630.972562,596370.895583,524963.261765,746772.842713,1891.82736614,453198.95126,-40164.9021639,204550.622834,28706.5547496,81665.3059796,-21.8121047376,40.2423878967,29.0723195194,-4.24758448497
-2986434.2962,-6636001.7461,1718006.45332,2518576.12887,760036.582324,610286.946995,1288772.9648,580512.13215,910340.849487,387749.637919,485078.964254,268336.712033,223817.453323,90891.252254,48965.0893338,57714.9374634,86.107481133,-65.1647422718,-159.14686047,161.821686201
-448885.916249,6130556.65481,1782653.97523,-1193557.83573,556147.178346,-336798.882845,569181.474608,-439988.196019,552201.766307,-317939.332352,399311.367059,-171026.56859,168904.352754,-96920.9875498,62941.896862,-66768.3965889,54.598523082,-42.933045648,185.104951472,-87.0685044292
-7431447.89034,-10006462.8215,-1009350.23658,-2114670.57776,161128.534568,-454524.30485,-26160.5106625,-514597.880019,-715.390726728,-475391.713807,-25937.9363639,-380113.249114,-88547.3964093,-206225.383779,-85522.4998102,-60623.0891966,87.4453811616,-87.0484864643,186.998117042,-184.223512133
-856140.787229,2251734.15222,1696506.56044,3080677.871,416176.709441,483777.904429,558920.5128,662006.244202,452593.089868,596380.936346,-24251.9792142,145956.904579,-19933.4075542,152315.251687,31155.4207722,83648.8440197,-4.06341901011,-2.34056153974,-59.9086927234,43.860249993
6688274.92549,2705299.74665,77841.3548202,-657530.651358,290320.63109,-397786.886392,648641.396565,-443935.373546,661887.179621,-342080.667211,308012.962823,-261573.617399,175533.324073,-31749.2866899,65817.6108783,-34907.1285975,-29.4241299575,-20.4881157971,77.1845140825,-208.042146733
-2038209.22077,5352991.13701,2641997.61468,715547.925743,240336.199462,-122963.723816,453911.682345,178949.400884,359312.018855,-4723.88840162,-228679.1731,-52559.1571544,49486.8953081,9475.79985109,1334.19168714,-63319.3298326,4.75258006622,33.1626459284,122.686274873,-66.4854427107
4239551.49822,-8677227.46528,1603026.80684,1268664.48112,-238243.398592,454440.070958,156072.327012,188978.059785,-3369.49991575,-13212.6897335,-94967.3309856,183478.952195,-36062.4474561,-58766.3778404,-68797.4990135,65591.2764003,29.4971406281,80.2264722544,-39.6805889345,-25.9719450475
8063857.30692,916979.280838,331149.378302,528308.964539,489973.537112,274817.774113,424389.926712,280625.099975,494656.119513,542264.075802,163264.40643,390975.946361,32842.4596919,90426.5407782,60077.2148463,26712.7179667,-46.9283919829,-111.885902801,-9.24007965101,35.2828179307
-5781351.88408,-6272453.40644,2689188.21168,528566.584988,326914.67825,-406920.834248,313167.348323,-255641.470828,312230.247936,-221187.485971,173917.304928,-158854.137075,76565.1470109,1371.76861332,-15371.5305508,-27617.5399614,-44.8207705328,-54.8968957944,122.420267151,-124.397205068
3329957.4585,5359083.801,1866084.71429,787984.895101,676033.797593,770705.913105,636050.242004,68189.2085403,727532.771494,569512.204247,106356.407852,275856.284871,126004.982715,96800.0310769,43614.5486038,76916.3875791,35.3218932643,-39.582577236,27.7434351859,-89.5602597154
2900783.40482,3793598.16311,2906578.45679,7498.7052017,289619.883569,26043.0985274,146831.660165,184622.803419,313945.609112,93699.2375029,213054.009801,146148.55614,91856.4575428,311.951718696,-6948.99175879,29357.3745086,-74.6451317609,-20.6425900142,-21.261588452,-4.03895920631
-9214891.29331,4640959.71151,3114350.564,-905805.065079,930455.381755,-415526.094168,771363.802422,-128105.639709,897113.658188,129252.241012,331990.901469,-15412.5363934,71978.9473471,-66400.4478028,79355.4653815,-11550.7670851,-71.6929693908,-18.7860080109,41.9299849185,-28.4830972415
4910148.72677,9712179.09973,405408.345671,1203082.27068,-135098.954642,198490.620118,357602.640809,367016.333683,447772.224515,36489.2623597,42811.6956,186592.180185,20189.7712744,-4132.39868877,-26796.1847651,18476.130361,-86.6493181742,15.2103862754,-10.6661855461,-59.7105578606
10110705.2127,-3188662.03011,1401547.13253,-82258.6097163,514445.5977,334632.694217,306513.465803,-306635.179997,413002.276199,-24702.4880581,162521.158524,58017.3955418,14228.4977224,51945.8020004,14630.9173827,35175.8068631,-26.0068200698,31.6038664094,-105.654619794,-72.7584165783
-1437905.05254,8325735.99547,3698145.96061,1680578.03698,1067964.9862,366854.437665,750592.264531,503403.510442,689163.708789,484230.920725,509443.551247,274995.56518,143372.008362,148239.215938,64101.3687042,39538.622372,-19.342290738,45.8676218723,-113.190003183,71.7882602177
10849035.8325,2936892.28722,3407990.26506,-1579314.30007,714158.24845,-580166.743056,838669.023109,-709619.052304,1001357.53663,-509109.173832,537266.628246,-599951.782184,156187.083662,-142695.830127,90988.512509,-92347.7094239,-40.5113114238,54.5937820906,-1.41892181041,-48.9546195525
-281575.004614,-6706410.57151,458738.451581,-1131398.42807,-201668.149501,-290190.465494,221985.132626,-26000.3937853,8131.48324477,-124460.499125,-242882.294822,-238158.581569,10937.2450664,-6616.03899445,-69594.3186417,-31302.3614633,-18.2265248897,-42.6908167632,72.0392349016,-106.809896622
4195378.62498,1398696.70138,658723.970048,287947.969046,271643.134348,-138523.503569,73388.6109405,-287198.684941,404746.217636,-119100.284736,39657.3159199,31492.5489521,-17259.0908556,-34833.2610346,-13280.1536429,10239.5488985,-46.0192709959,10.0992502685,-57.6166589764,-38.1116694659
11060269.0,-3.77185642719e-08,2668221.0,-8.14907252789e-10,187887.0,1.45519152284e-09,-38185.0,1.90630089492e-09,424326.0,5.82076609135e-10,15080.0,8.14907252789e-10,139020.0,-1.01863406599e-10,50699.0,7.27595761418e-12,-89.0,3.12638803734e-13,-25.0,-25.0
4195378.62498,-1398696.70138,658723.970048,-287947.969046,271643.134348,138523.503569,73388.6109405,287198.684941,404746.217636,119100.284736,39657.3159199,-31492.5489521,-17259.0908556,34833.2610346,-13280.1536429,-10239.5488985,-46.0192709959,-10.0992502685,3.39334075001,-63.7037464549
-281575.004614,6706410.57151,458738.451581,1131398.42807,-201668.149501,290190.465494,221985.132626,26000.3937853,8131.48324477,124460.499125,-242882.294822,238158.581569,10937.2450664,6616.03899445,-69594.3186417,31302.3614633,-18.2265248897,42.6908167632,-117.620932364,-63.576223131
10849035.8325,-2936892.28722,3407990.26506,1579314.30007,714158.24845,580166.743056,838669.023109,709619.052304,1001357.53663,509109.173832,537266.628246,599951.782184,156187.083662,142695.830127,90988.512509,92347.7094239,-40.5113114238,-54.5937820906,-139.899357248,-47.9063251408
-1437905.05254,-8325735.99547,3698145.96061,-1680578.03698,1067964.9862,-366854.437665,750592.264531,-503403.510442,689163.708789,-484230.920725,509443.551247,-274995.56518,143372.008362,-148239.215938,64101.3687042,-39538.622372,-19.342290738,-45.8676218723,58.2843512801,-90.2466441093
10110705.2127,3188662.03011,1401547.13253,82258.6097163,514445.5977,-334632.694217,306513.465803,306635.179997,413002.276199,24702.4880581,162521.158524,-58017.3955418,14228.4977224,-51945.8020004,14630.9173827,-35175.8068631,-26.0068200698,-31.6038664094,-10.6735667328,-53.1936626836
4910148.72677,-9712179.09973,405408.345671,-1203082.27068,-135098.954642,-198490.620118,357602.640809,-367016.333683,447772.224515,-36489.2623597,42811.6956,-186592.180185,20189.7712744,4132.39868877,-26796.1847651,-18476.130361,-86.6493181742,-15.2103862754,-141.900416343,-91.8428722062
-9214891.29331,-4640959.71151,3114350.564,905805.065079,930455.381755,415526.094168,771363.802422,128105.639709,897113.658188,-129252.241012,331990.901469,15412.5363934,71978.9473471,66400.4478028,79355.4653815,11550.7670851,-71.6929693908,18.7860080109,-14.211937246,-4.25177878284
2900783.40482,-3793598.16311,2906578.45679,-7498.70520171,289619.883569,-26043.0985274,146831.660165,-184622.803419,313945.609112,-93699.2375029,213054.009801,-146148.55614,91856.4575428,-311.951718696,-6948.99175879,-29357.3745086,-74.6451317609,20.6425900142,-22.8448360974,-67.9847006949
3329957.4585,-5359083.801,1866084.71429,-787984.895101,676033.797593,-770705.913105,636050.242004,-68189.2085403,727532.771494,-569512.204247,106356.407852,-275856.284871,126004.982715,-96800.0310769,43614.5486038,-76916.3875791,35.3218932643,39.582577236,-170.712541177,-77.372771776
-5781351.88408,6272453.40644,2689188.21168,-528566.584988,326914.67825,406920.834248,313167.348323,255641.470828,312230.247936,221187.485971,173917.304928,158854.137075,76565.1470109,-1371.76861332,-15371.5305508,27617.5399614,-44.8207705328,54.8968957944,-26.9030426856,11.4925738131
8063857.30692,-916979.280838,331149.378302,-528308.964539,489973.537112,-274817.774113,424389.926712,-280625.099975,494656.119513,-542264.075802,163264.40643,-390975.946361,32842.4596919,-90426.5407782,60077.2148463,-26712.7179667,-46.9283919829,111.885902801,177.589510523,-54.341243275
4239551.49822,8677227.46528,1603026.80684,-1268664.48112,-238243.398592,-454440.070958,156072.327012,-188978.059785,-3369.49991575,13212.6897335,-94967.3309856,-183478.952195,-36062.4474561,58766.3778404,-68797.4990135,-65591.2764003,29.4971406281,-80.2264722544,12.46532772,-10.5324263224
-2038209.22077,-5352991.13701,2641997.61468,-715547.925743,240336.199462,122963.723816,453911.682345,-178949.400884,359312.018855,4723.88840163,-228679.1731,52559.1571544,49486.8953081,-9475.79985109,1334.19168714,63319.3298326,4.75258006622,-33.1626459284,-194.899293514,-94.777652013
6688274.92549,-2705299.74665,77841.3548202,657530.651358,290320.63109,397786.886392,648641.396565,443935.373546,661887.179621,342080.667211,308012.962823,261573.617399,175533.324073,31749.2866899,65817.6108783,34907.1285975,-29.4241299575,20.4881157971,-51.2311934688,92.8567291774
-856140.787229,-2251734.15222,1696506.56044,-3080677.871,416176.709441,-483777.904429,558920.5128,-662006.244202,452593.089868,-596380.936346,-24251.9792142,-145956.904579,-19933.4075542,-152315.251687,31155.4207722,-83648.8440197,-4.06341901011,2.34056153974,-66.453177079,15.0475412534
-7431447.89034,10006462.8215,-1009350.23658,2114670.57776,161128.534568,454524.30485,-26160.5106625,514597.880019,-715.390726725,475391.713807,-25937.9363639,380113.249114,-88547.3964093,206225.383779,-85522.4998102,60623.0891966,87.4453811616,87.0484864643,-126.689125444,131.407519079
-448885.916249,-6130556.65481,1782653.97523,1193557.83573,556147.178346,336798.882845,569181.474608,439988.196019,552201.766307,317939.332352,399311.367059,171026.56859,168904.352754,96920.9875498,62941.896862,66768.3965889,54.598523082,42.933045648,54.0811017909,-16.0999523041
-2986434.2962,6636001.7461,1718006.45332,-2518576.12887,760036.582324,-610286.946995,1288772.9648,-580512.13215,910340.849487,-387749.637919,485078.964254,-268336.712033,223817.453323,-90891.252254,48965.0893338,-57714.9374634,86.107481133,65.1647422718,82.4191770231,9.34434991483
-593020.098763,-9157013.41249,872372.2948,-1408599.17147,295482.299249,-819504.856367,183630.972562,-596370.895583,524963.261765,-746772.842713,1891.82736613,-453198.95126,-40164.9021639,-204550.622834,28706.5547496,-81665.3059796,-21.8121047376,-40.2423878967,-2.89747260593,98.5449216384
3540891.85108,12575856.7657,-199004.956418,2585258.45165,109832.247665,804070.132367,581220.676885,104748.050693,15828.4993561,206108.55203,-57043.1895537,149560.083384,27530.9068396,187046.71079,-8892.52429672,68989.6018453,24.1060994015,2.55002889163,-160.75163606,-174.740867843
4748114.608,3088718.66148,3243234.0431,401118.446092,689460.535758,-450085.284754,367447.315376,-357865.685431,591829.88147,-192330.40502,253569.715506,-64014.8373588,125618.490212,1215.75255166,50185.6132478,-34668.0084617,78.5584677866,-176.437441372,-75.8850679166,-91.9171424595
-10914776.0448,-3300600.56981,-475150.769922,-999587.181624,-141001.999792,-350524.441507,162189.113712,-647655.568153,216525.882857,-590138.953752,8413.70396868,-338259.852927,77391.6077658,-100227.474841,-22337.7347189,-72267.2076636,-11.2708367006,-64.2808270772,-38.5101890884,87.6593949831
13181807.9842,12193527.7851,1428039.71608,540305.115019,-76827.3688962,368871.744544,-90382.5141706,171194.055199,-203712.60252,39968.6404161,-169929.483598,83873.5911418,30055.672585,-4093.73115815,-25565.1131795,34913.1909278,-24.7503958484,-92.5249116667,-171.976580936,-86.0280612062
-492466.957383,-1694112.84139,295999.725203,1092039.19064,612233.987281,-37130.7534252,499101.652585,118364.411574,325658.11733,147774.904522,51589.9458692,107052.986824,-14303.4209965,80294.9038197,19829.8148928,62297.3446817,128.105434772,-82.1316017087,-143.692887803,-11.652231534
4721414.5911,8693034.64565,3819554.90977,197238.548194,631126.147717,-164610.205117,660683.622457,197162.239437,493891.795775,52550.2955353,239262.4811,28284.1636457,176740.685533,65884.1255687,75526.2346389,10658.5329564,-156.393588989,29.5313583322,42.9876852147,-36.9740765299
11662077.8751,-191309.224753,283617.889588,1115042.15476,-504017.885488,-179878.109894,416458.610642,-197397.22406,378493.857667,-33856.3358412,-162512.574497,-118074.353111,114118.723346,15668.912472,-12263.4552931,-8123.95248945,-2.17427322411,-142.170218661,-57.5429755798,-9.03215900871
2587813.48406,-3852321.31002,2703710.16766,-828086.862966,412632.201621,594112.438061,165863.1244,157168.083979,127106.1971,154306.062085,-50976.4494796,371115.475113,47735.456183,-40580.9634779,2543.67943368,79317.7678134,-174.891056319,-5.67358294833,-348.930523172,33.1452671745
-130041.22246,-7055737.55502,926065.096642,919066.81586,377022.476208,304168.58228,413766.602827,108032.657956,408102.406137,-67738.736962,343939.627865,142608.332264,43275.2721222,-16479.178746,61796.1931149,-14305.6591729,-18.4483082122,54.6182302299,-46.1992261266,24.3121551996
3542298.78453,1333663.44004,1487824.9055,-1730798.22824,926052.112774,-271642.057104,658561.227661,-612391.763437,536773.53267,162735.775493,252715.484298,-119968.905912,78089.0550692,3688.31475593,42586.8856224,6672.22875221,-11.4985093553,46.7480729881,-13.6919895645,-14.1627685552
-2393006.60812,7885233.80007,1729893.16528,1754816.659,462357.887683,450822.06577,260440.799502,313075.978786,461403.155313,118091.357474,245820.116935,73575.962773,87325.0191153,148091.929961,42030.9924247,36762.276136,-47.5436541648,-25.3434503292,-62.7330173993,101.513019294
10208649.8065,-800524.905475,1967681.22039,-1539095.77803,821910.504255,-424500.448594,568167.684179,-144891.141058,715644.910828,-208801.785884,313536.027444,-99620.7664694,282079.905243,-69656.9474724,81165.1677229,4685.16902345,-93.0124583695,6.52762131877,-175.217045835,-23.3802249822
-1443387.16988,2213244.64752,1866786.3696,840747.685925,425863.568791,-468765.87844,784612.683022,6231.80401326,542293.373377,-337884.256173,257274.613058,-113003.914534,46403.0474466,-101143.049191,70012.0517123,-69319.3809025,-37.0113433614,-25.902159458,149.744368337,-51.5736051415
6603557.10867,630843.63862,1943557.32665,-2397357.47832,-51992.9782004,-335786.439901,87329.9115112,-737016.565834,222443.246337,-521921.281927,7384.09904547,-454765.151725,21263.278617,-183657.276692,-27416.4187729,-40382.2461145,-243.898337435,73.074978644,-108.873435117,217.860696294
10078522.7428,8116644.04514,-814153.53024,2533167.65074,-76081.897738,736932.425822,25202.2933447,464453.422693,-167833.726495,191678.763255,-316901.530763,257616.160502,-50120.0966909,183315.818436,-19543.1122205,77371.2080929,-21.4803767793,247.489527558,-155.901874747,-199.701495228
7774894.21137,-10097755.3616,3132985.17157,-2823949.58252,551061.081343,-310227.860172,546674.093841,-511714.801844,675777.075002,6839.72271575,385442.072503,-79653.9834495,227884.425883,-18937.1719671,82958.6980622,-16093.840876,-173.175702274,-20.6167304838,63.3944856433,7.98807788833
-5039532.80814,-461644.268905,1563403.56223,1006350.08455,187529.705185,595939.741096,305214.729552,153576.004005,372429.603834,-158347.41989,24022.1568695,-11383.6134137,58715.0025934,-29257.3635205,-2025.89460537,20048.9584097,-121.812404856,66.8527452264,24.8038183568,106.527681874
-861615.174605,-13969928.1942,-561504.094621,-701334.272305,292048.849786,-163837.284791,-109898.192006,-89667.5992104,-29849.0935752,-381627.262255,69037.4253099,-159624.065539,27363.2106123,-165682.054575,-5212.83623305,-16551.3149257,50.1159500635,50.7388251733,46.6349346554,-70.5921000822
-5922391.2864,-6562585.56372,1453482.35595,-1926295.1,261811.027133,-1011781.97133,188012.378621,-350065.110333,58689.5789557,-103423.737918,-94896.2608889,-146722.060256,-105724.763199,-92670.2190201,-8145.68413252,-38066.1262252,10.0843432584,-49.6176951911,-12.7309917025,32.9645079159
1850450.77383,-897908.650134,553272.557265,2907122.00347,140675.339367,673592.840606,301951.960572,756416.683565,604648.680941,419574.919685,163887.433075,206030.698867,29698.398499,127392.21234,23901.2479859,69571.005356,-37.1015871802,-46.3646427719,102.337125689,7.52164565579
-2377048.03297,-2109996.28415,2385983.01858,-1708835.61796,168666.336692,247895.406998,602769.131266,-525782.100711,264437.361978,-245861.482444,73828.9229747,-151521.271178,68096.6008456,75668.2262969,10521.1586959,6696.50806954,25.9632613544,55.6277358187,-72.4881090712,13.4885363576
-5189822.3812,5642497.85857,-859097.063525,-120788.446078,588631.940668,-55060.2145691,158356.770862,-63999.39859,381241.792762,-13993.5572166,107366.375103,51192.7453186,14196.287258,-69160.4996237,5010.43527336,12667.1682205,84.6455799276,33.9018846205,192.248525668,-7.16174032776
1814266.78432,-944887.645423,2174400.01106,2440468.69094,676236.811281,79752.0914683,632871.031946,168972.493023,865310.565794,-97298.6254526,368672.557217,173576.722473,138114.845707,78633.7663838,86367.0912052,19889.6530816,10.8020824324,-122.805099428,125.884149113,48.2696385039
5240950.16364,-7761230.61119,1142992.33905,-1826093.7712,245302.323832,-331358.564138,391802.54624,-485338.048526,201193.271696,-818533.688513,267147.939573,-480374.94939,33055.7678408,-164407.837299,2002.63396031,-61556.0810643,9.0003857619,-17.1085019654,-41.8391995357,-191.589834993
7937834.41138,15356829.6176,1757767.40061,2073605.41765,682053.002531,94768.0245995,-206530.774401,140166.331658,114676.596201,80187.6702686,-98356.2020669,-3558.14981124,-8211.12100762,207937.123234,22623.2909763,41073.4359793,-29.6906464006,-49.1516489025,98.758487004,-103.668508785
-4209240.0,-15282681.0186,2372663.0,-1427715.62427,188567.0,-360496.930732,390998.0,-251786.493845,380975.0,-243304.641041,74856.5,-278852.38579,216765.0,-119291.53527,-426.5,-28870.688886,-35.5,-32.04293994,-162.5,47.6313972081
1055953.27252,1836014.76294,-148162.006045,417033.840169,-194116.612729,376694.118382,-163623.165113,132685.432706,231350.483333,157621.644409,-83337.8602678,27192.7221449,-55866.4488231,41137.6805121,27959.4170315,61923.5123256,8.41440554579,76.250652526,90.7756286909,-42.5270549639
1725165.4995,6025111.46167,2622580.94452,131809.36333,552304.903776,-2097.79954009,692589.789987,-21833.7369493,342206.841945,-536016.891612,3788.50084706,-90972.9121501,70973.3471971,-7082.46904936,2326.09865094,-36309.0019261,43.1538906344,-29.6406766856,17.7448930126,50.1532860146
-2873077.95121,-11975356.9694,1994857.82564,381642.842103,307044.050381,-51150.4691333,-10051.0609286,16704.8650324,24170.6965339,208057.996619,-173508.123127,147204.082973,47929.3872874,2107.89002562,16162.9365153,20627.8304881,-0.223607684142,-35.7594687569,-139.922306343,-78.4760233511
1752063.07914,-6255032.06588,1046711.18037,-965458.218423,72816.0700106,238721.518183,370287.594753,-249869.386488,393805.709242,-131007.214276,221409.413713,204909.331556,84474.258509,50091.6958195,-12076.5082455,39558.4471678,51.8592041892,-54.9168941063,4.34757793497,63.2293509856
-11689029.2282,6859709.96633,1253242.80084,143601.204227,924913.373622,-102940.328516,-24615.1277975,149696.527923,211016.549444,182061.832459,280656.27201,-157162.164729,48661.015197,-32321.4291704,47079.831671,31030.5909943,-24.0654019207,-182.078175659,129.613554075,-89.9928316249
-6280918.57063,-722921.539082,1740618.51691,-1407435.74453,321772.501272,-613414.356583,581027.115881,-484220.699113,518095.252211,-266662.625794,159512.613433,-339162.917179,149360.700738,-89266.9499083,48017.0563365,-51950.5568821,-4.78001272584,-15.1431855805,154.824477267,26.7949781717
4412071.52485,4943706.12529,87616.9403927,-26948.1065268,-282800.908518,-318847.515218,-78317.6611047,138087.719912,223620.472286,-131760.511823,-187300.322409,-27363.5020409,-140643.613167,26810.3374931,-7168.53792886,15808.2535371,-152.198969901,1.57091254517,102.381330146,-163.822458884
14337028.3044,6440767.35064,4514541.12329,1959529.76848,809119.657135,729239.627273,1008149.87286,78944.6751389,776816.646534,89489.6561401,459577.585596,206229.517823,250778.604677,52665.1405797,88374.5363931,34532.4850132,-34.205074393,-44.1643070524,-7.30508488549,-162.590989745
1083167.1031,5382926.95386,497474.52065,-1692301.69639,607095.420363,-541434.176291,114784.133999,-185795.086849,527641.421704,-552305.370947,169331.023909,-374058.581522,23894.2755367,-101817.900818,58362.0794228,-72517.8977562,-20.0648183981,-64.3354207532,101.779910095,-121.319453032
7744225.23791,-10054961.4335,1099374.79785,-554123.729575,-46950.4449215,-327817.516524,265910.630117,-294259.454749,53321.3034373,-592163.37377,-62339.3631672,-241968.834538,54307.3564591,-55977.0278941,-23622.4661331,-73419.3119912,60.7221657178,-19.6806359149,-156.566437949,-240.116465508
-8840601.23608,-1054753.91239,2117560.46556,-644384.51425,195319.525984,234097.378904,11122.7518725,-324665.407885,-168573.560025,-335467.432958,-149598.465542,-74877.8289331,-88144.0685101,7985.88446487,-43376.5187939,23833.9277081,-63.9971726344,-64.9127630554,-104.242896177,-118.38977561
13804367.0967,-77856.7231204,2127273.49711,377601.280097,347510.576878,61364.9807637,181371.206604,-179156.94727,343425.128703,-91587.6107629,360672.748961,-66888.1830903,165062.246132,33587.0686747,67897.439923,-36208.435039,37.5573377051,47.9859099404,-2.54075358025,-66.4674518998
828283.975689,-21541775.3166,1245488.73234,-4603544.75263,541444.467339,-819355.409279,162733.112144,-560304.202155,24813.5285037,-572545.604778,-331034.551126,-658059.063691,-14705.1926745,-126787.301949,-38202.8740599,-81834.3329987,12.1337448515,-8.88479812367,4.18266773658,-71.5808474354
445382.603664,46509.0428276,686039.810221,1381714.28925,-418754.877126,222931.423493,12760.9163124,150223.136651,-4424.42235578,3240.20541786,-243798.427274,224119.839069,137938.302909,38227.7038715,5635.67469228,23396.1322254,-72.8947171844,-94.7192897143,-38.990425786,8.52719201833
-9159355.92745,-6005726.95434,-944379.329017,-1407272.68527,-137835.095621,-114193.909091,-187390.680033,-10192.9768272,-209887.616211,-80775.3096241,-241402.167703,48018.9378275,-91992.1890126,-101615.350835,-72900.1825276,-36672.7565094,-22.6188728282,0.7450817566,-112.731699822,-49.0521018389
-423820.721729,1636384.41497,2107830.51123,110444.460374,-209536.351794,90267.5910601,198873.089706,-52267.8692921,-57001.7658197,26626.4338976,60542.7106434,207977.483829,5293.08338096,23483.9687901,-4501.44123641,22947.9204573,-166.697677747,-36.5779014274,-83.6738054338,-121.026813633
-1567383.79432,-1991113.206,-1116718.95096,-358257.874229,188901.823573,330353.865926,86976.0625813,282061.390547,177350.459006,309656.933847,55509.0572776,-27258.7716726,64006.6724183,334.82805804,25590.0049392,11704.6557738,21.0537687293,-55.4971292742,52.1671953165,16.2097405074
3845613.51087,-4179997.26495,1908502.98345,-1086202.13612,242287.627727,563237.003563,604524.148121,-134063.723104,320507.531223,113068.93798,113256.839409,229707.734727,76630.1595706,67376.3101283,20577.3968963,12134.7681143,-53.1548792365,70.0468632424,-181.248566974,105.984879355
9761661.80977,-2573381.15545,1794516.55912,13080.4219159,1359259.79713,-591241.796802,389492.4484,8040.47884313,606562.676774,-21625.0951487,332394.036143,-222412.601417,103663.459525,-104596.058391,72665.5983061,-26198.6488206,-90.2138326331,-11.1577804499,14.3667945279,-12.9930772826
-3933205.91667,10772685.4847,121756.470847,125836.878932,-553530.842447,65964.5683549,84326.5228484,-324680.845459,330034.821494,-149570.3982,52868.2072049,-153795.00777,53937.5433118,-13586.8672746,-6130.2283911,-51394.2403634,-70.4018089824,2.15233478094,86.0683987399,70.2127354208
319013.588438,-13377919.2204,-1581189.74782,-1217399.92803,-18147.6093554,30926.479842,-447074.540135,156230.789692,-65421.719116,-301452.451928,-307887.733305,-228278.017536,-154177.957442,-146787.041599,-61232.5361316,-37942.9301205,-50.4551628574,-4.61761371165,-70.5586995043,-82.355692252
5717744.47209,4703451.40045,1971850.28469,2429423.59527,754628.290033,429302.305168,582741.311346,-2936.03377734,400887.902864,134418.223478,99960.4037593,300495.637913,104833.008822,174225.378363,43382.410571,27768.6090144,-13.9797654075,-32.1044265461,-40.7477180202,-137.344289977
-8214824.45486,-433578.859172,897803.454518,-410161.074595,437037.03206,89062.4050539,281713.834947,40224.700692,64446.4871185,-215956.988593,57890.7894827,-172890.458602,43883.0330713,-27510.9650367,34522.5515528,-14741.7846175,10.8994366481,-3.41542876661,-21.8862023406,9.75579742003
2385897.17057,2239257.78929,321526.643383,1779221.00727,-259143.90974,199314.387836,134791.676129,3738.63749342,88373.9572014,202417.74601,-167431.322064,50542.6882005,94550.2764623,142645.385118,-51293.3319445,14802.0173757,-4.21107383057,-1.05463961259,-94.3713460202,16.0047434078
-2152593.72776,-10287554.4344,3500685.21012,-533670.489175,963479.253517,-121208.384004,698146.890269,-119232.782889,145652.47907,-328648.926729,103057.995524,-49699.9822349,106686.39677,-242756.442608,58988.7715784,-33288.4017857,2.24604094861,28.7736448952,7.27632243697,-37.5810551551
-9264548.38734,5639282.85839,-1433249.02831,-938738.355826,-306948.191827,-67540.5631259,-227001.175043,36680.6334214,-258659.60615,161782.377812,-318015.332862,-46356.486807,-114862.086035,25268.9229359,-58739.1112789,-39529.8046086,-36.8928542951,66.8356543779,73.4596075128,169.871019441
12573305.0469,9256487.95453,2331625.21706,1336897.54983,365659.561854,-305776.627801,471903.769686,-119544.912524,234085.53046,44569.5676356,17694.6284778,168045.193361,17971.004991,78770.0893313,11819.9624263,47649.7212879,-25.164762033,0.145093255627,-56.4824084778,29.4078877162
-2715205.45063,12221383.3996,-1860097.22497,1355506.82137,-437913.946396,903048.359124,-350010.997278,356417.347149,-375935.034164,625206.89033,-291646.436588,251172.705219,28049.1374155,122987.39555,-43016.5534005,43655.7022764,-19.7378039224,-20.200215377,147.467441729,-18.3964966257
8985074.68044,7962357.52697,3490481.91407,2786113.38678,866067.464736,386728.870172,841406.046498,402757.558195,611083.65343,546322.25618,332657.588853,442720.647429,125328.790321,62974.9851857,60320.4407178,40149.325208,10.1162571453,41.2934983645,114.222775343,-28.7541760941
12621764.227,-3489312.59693,1881704.20325,-1888842.37253,582758.702122,-425450.086812,593334.484025,129541.52373,587942.080335,1816.12987246,312430.674366,-55941.2973885,99050.6417529,2066.81741496,42511.0139825,-1549.23916754,-41.5831032771,-11.4123797172,-105.270670421,-41.9351465725
2642259.98574,-9082614.01021,2092463.65007,-115160.345718,782280.922753,-145293.646054,447961.98036,-465465.715618,562262.24016,-280194.531596,254971.76413,-18243.3418123,104615.975649,-81384.7718149,47182.2949816,-42629.5660044,78.6053332239,23.897544334,179.586734054,-168.780815913
8237600.4456,2753838.81856,-1177552.75096,2420201.50997,147800.34115,-223083.107773,207576.459359,548871.510196,-4715.58847759,170735.024944,-1750.61223027,-10303.8379354,46354.0228261,97067.2533554,12482.9102804,4404.62984306,56.6255267983,65.6387092058,154.052342228,2.55258758648
9838890.42901,-9840096.56085,5117208.6475,-619834.026732,820009.284648,-247519.26325,964888.818194,-537381.476671,954949.133439,-61328.2377052,404720.444996,-172128.643001,239310.109406,-74999.7565406,76909.693207,-3207.17202754,98.6035391988,-33.995934051,50.9411715489,-160.694098118
-7329278.59084,826111.578684,280510.81436,-882581.812068,-439991.648037,85641.3456811,9990.36859477,-321852.112749,52713.128103,-306113.464426,-239093.02683,-342704.117156,-52836.9652366,-69016.0570506,208.879225677,-33196.7412386,-20.0211057827,-128.817170385,43.4804407336,-164.280099128
-781276.99909,-1440421.70496,289961.785521,-24232.1308527,362956.198288,117661.683095,56795.0193504,-23247.1315153,-91298.76835,-102781.834239,-200862.857583,-45634.1056129,41869.7397918,9987.81788007,15494.8521884,-29904.822081,-13.3150053317,-17.4591022367,194.688199156,-134.809080297
-2259485.48406,-1486436.21347,477911.332343,1579497.08554,5492.2983794,400468.546483,320242.3756,462070.50851,156901.8029,324323.441438,-160219.55052,422795.638263,-367.956182982,76042.1600788,-1892.67943368,42956.8959726,-39.6089436806,20.5927282439,-40.3434588481,-129.527711377
6246467.74724,-1442964.91451,2613363.23483,1238804.71665,734264.495645,225285.202605,192557.183107,-123173.425913,395467.291462,-150436.037508,340496.420046,-126275.717385,188590.143079,-35350.4900964,53164.4312429,-30090.1521151,57.3697855006,-89.8613379331,61.468236555,24.8752999046
-1782503.60016,-445055.191561,573045.409595,-336780.707321,-235281.675633,-145514.09498,27970.4572889,271488.508872,-291914.134604,304570.450157,-222594.516516,159157.133836,-19413.6228793,95455.3767997,-23946.5694696,37725.8363952,-117.508477304,-88.056649703,-121.5356554,102.313944594
8930837.11655,-313040.054528,2709022.75242,-400459.364421,427337.883079,273893.122763,145299.124169,53862.0149692,-10391.6497516,410050.14921,-42396.901514,63361.3557806,88741.3773344,-65459.3415857,-5948.78375117,19873.2057514,19.0445521031,-20.7659957353,-31.5209379093,-42.6255110904
-15228508.3247,18722972.7111,-791409.374113,3029220.65069,-47986.6631191,848112.334713,567437.635862,772425.275719,521902.042972,819253.259732,77865.336134,519659.916512,13158.2597721,195447.110996,21828.4431344,96466.4734869,-37.0703407513,188.622513249,-50.4302352733,20.0553100059
5243686.54399,-1179903.82097,2738086.54349,-978610.447614,987019.115595,-396490.677152,638130.511446,-520790.391755,595089.467741,146422.195758,311430.821971,11556.4521627,195648.505261,-107727.897894,76190.794212,-1102.31872903,92.3722058807,83.2914762622,121.63335191,-70.2597893808
7254810.63563,4275249.10032,2801400.17781,1634017.10004,475240.573262,-112915.093895,252007.351114,263252.032944,631294.515067,-46103.7395004,115259.409202,48964.6196621,113714.966079,975.369404242,89319.5448612,-39059.9717489,-14.9911370459,-272.442007407,163.510273113,-183.230350473
-1214240.32701,10674055.9201,509374.748157,-611246.688456,132273.846869,774292.895213,23339.7186265,380666.685074,116746.495825,270546.051231,73534.7051007,244987.34872,26654.9217227,-11914.6381139,-46980.4185606,60277.3631037,-270.608532795,-77.1515540112,-225.521239589,-288.892436943
-8927784.04975,-7152109.40473,787874.361376,135126.839506,665790.454136,160676.503296,522463.811054,399328.19081,501415.158698,67588.7998145,403691.125672,-18192.2468176,33185.7358477,35605.7960601,74989.7220118,-6538.06959543,-341.090140199,77.127023948,62.982237599,106.34025128
10256305.0,-9983390.16641,2180121.0,-348298.096894,1253760.0,-635440.943874,704210.0,-584122.010497,670275.0,-249162.436872,274059.5,-472183.896931,152097.0,-142573.762225,47244.5,-61800.4388395,-15.5,257.209544924,-7.43524478544,28.6961524227
-2722230.25517,5403921.0007,1662618.82364,1209814.2218,-244690.028018,73942.5468623,77038.1465589,643372.508214,85321.4249008,-131500.006629,-223746.752302,-116704.318535,-73788.7672153,40080.3666643,-13064.657748,-20409.1706643,-255.534051946,-170.710712175,180.894823597,-524.172672705
314289.227998,6315861.03153,2769573.53056,-756382.099896,371438.007077,140055.34818,636930.369754,67379.3472231,327551.162323,-52338.8903739,-20599.9456884,28233.6249647,124475.123115,-11624.8539473,23056.2363904,27617.9130664,-257.783321199,1.19783044722,57.606952798,-209.428518829
-5906370.48539,4628344.92366,280930.318837,708149.480977,142674.443816,225482.631473,44436.6942198,76018.369095,-143100.595582,-93564.629555,-145925.169236,-15072.5845887,-44215.9072581,-24083.7845046,-7786.37506883,-26999.8159194,-20.2364037025,-158.915368134,-165.24213556,120.152406379
1619442.44062,-7888175.69585,-368439.106007,-792475.292925,-223781.107961,46420.392225,-324846.567139,-192700.887828,-438890.021763,146785.135998,-384666.816319,143650.806629,-71991.5812162,-4960.17911851,-94013.1125864,8076.7555983,-200.619219548,-245.896076598,-359.909530752,-163.432521803
-1297924.67482,9436248.01306,2544800.36388,1374530.20539,174175.934368,321437.38619,14051.2359028,310946.514811,161675.619337,522281.690106,21047.5649929,358759.780592,-101442.230086,112127.973093,-17362.3412101,72429.5131176,-56.6754786385,-306.555244917,9.0797483731,84.7180952224
3774308.4889,-4100604.85299,1790919.11597,-242364.96535,1099639.2575,458153.390881,311177.426749,417821.459297,496495.109255,523106.481171,319452.619996,317689.181128,237742.055246,181798.837877,86878.9278577,55613.7855262,-2.19655200607,135.973251129,-257.268438593,289.867993087
6290310.95913,-5715787.88512,2177375.44266,-111034.738166,415849.944845,-526717.777343,924925.723933,-2656.4891648,564911.963984,-32797.9874595,169560.957434,-99744.8504817,64159.4939404,-127510.015421,41519.0707191,-17413.6917598,10.8218716628,-127.116082603,15.8095604327,57.0011261084
-3408139.69616,16330932.89,-197385.915278,644395.87338,310943.378416,10308.3558087,-138032.766549,380387.837479,93751.8171348,601604.690219,-38069.1740905,348969.579597,-29565.6939172,80303.2896407,-44680.5249735,23156.2748132,156.406206484,-12.4760337856,-293.463347702,42.1266510716
-16202052.546,1825335.29204,2051938.12609,1499521.22936,354637.788081,228118.944346,528200.15525,334489.957469,719262.146329,480157.164983,391118.123637,268708.025245,50243.2779795,92708.8925911,46007.3169309,71511.4060862,89.1549011207,-86.928179856,141.227147959,278.850499802
3758964.97106,4739520.5269,2036113.19453,-382386.186253,433308.954396,13248.8164382,554676.205103,248276.764088,944716.131214,-34275.4972464,355825.464585,-68899.6030624,194415.84863,92049.4809062,99819.9085937,-20515.0211343,-405.40168264,-187.315844869,-181.088287104,-147.105253838
3954999.35397,73193.9722,381512.537907,-2133920.77684,817705.905755,-144789.099707,284537.160962,-557746.609292,461939.130258,-365594.019975,77994.7365103,-254512.305006,68362.8990617,-106865.202178,-12264.2615703,-51806.034777,-99.1371265856,401.441728924,-484.115893536,514.14234021
8755362.25637,2928221.1868,1745148.30398,2939389.3742,546640.056333,417877.401008,365201.092097,649621.115349,627433.818089,197353.612997,244412.579034,161592.496419,150290.346148,73168.7019755,35118.2525465,33990.8968076,-163.741034912,-219.242655821,112.956333286,-170.958429954
3806184.43612,-4846705.63964,2064564.11516,-2261081.97779,397274.654434,-874787.44344,186350.026366,-455691.646234,341548.585429,-399714.956247,185752.251656,-341997.798152,7126.14527881,-100597.311157,39436.4007767,-25684.1999938,309.143502221,-267.915491105,-131.063497617,253.392795189
9263061.30011,4635019.75288,786706.92373,1546756.41017,163927.312724,158873.638662,344052.708697,548373.000948,153925.236693,-313964.92853,-12343.8690109,-266766.322827,74628.9319726,-26427.9826493,-12828.6565422,-56087.8699732,-242.367335547,82.2290608137,526.54846079,40.9595676695
-3108877.43977,-4129491.87941,1354161.23631,-45181.3318938,-614776.411563,77761.4276778,-267551.996825,-325411.960701,-447261.170203,-18456.3225463,-555871.695151,-61301.5475113,-121751.734199,-83386.0715329,-81094.4347547,-23792.7853702,-332.353477713,-315.129781774,-237.061105251,-299.748226547
-4087258.71993,-8924075.80288,107154.181672,-1137578.37777,286538.570298,-155080.700148,425621.26761,157732.700435,27768.4168965,353199.028463,-102663.85916,321756.635314,-43496.9695959,89214.3655587,-44787.6021357,31087.8841849,141.658485375,5.80538521011,-396.980519145,-52.4777001607
-1534345.69946,6355532.65814,3229576.15685,1645104.8557,211136.731079,965618.325211,20264.6179235,262618.598073,354245.826425,627389.047592,17722.1857703,270519.601002,65107.5760737,188569.062663,35229.6545445,104445.441845,-620.853013727,-484.629475308,-187.657731715,-486.685849686
-8304394.1031,-4367926.45987,960779.97935,-499972.894799,345036.079637,263796.600718,757603.366001,147477.97381,200560.578296,-15754.2706959,76048.9760913,189315.91257,159383.224463,51165.9282556,-16204.0794228,-13725.4733075,99.5648183981,357.165512944,-441.37382195,-332.54820565
894992.352998,-9096633.035,-214911.918795,-922261.395396,641787.065747,-545963.922091,-285199.515461,-66221.9246601,-17671.1939934,246324.058453,-63364.0057778,147583.356038,-61687.2853519,-121913.245369,-22963.5372446,9263.34275294,119.129263667,18.8024279598,-57.9386463471,-556.232398105
-5331273.34253,10729152.1479,3410130.40394,3480356.58388,517724.685677,403907.887125,750154.668123,529110.51298,706305.916558,805684.817556,482028.274159,494971.025322,158266.148279,195778.552253,40674.8124819,68594.9801395,492.228993361,-351.606657963,60.7883951282,-624.769703902
-3188476.19359,-3737650.0164,287387.191853,-1503252.78329,473094.306269,-136357.150443,-44763.4138871,-14423.558045,756091.265332,-2242.59380696,297397.866904,-415833.834971,94370.5318568,-96179.3310156,53719.6304289,-30484.5519004,155.250294746,-109.803648969,472.714695654,16.9668018565
8265688.03223,9122345.49556,3498367.61732,-143394.055196,678147.424181,46509.7799195,956123.762236,187507.106084,695445.339909,-57514.1959175,146324.695617,159003.213377,159192.58251,85576.6248652,40973.3771436,5439.78989759,102.090184932,-212.218523998,-390.277521766,-438.049379745
-11172643.4352,4506190.56399,-513965.226924,1630885.68365,283723.291706,324835.464463,430517.043327,-32678.605428,413749.319868,178170.305879,168163.076841,-125043.021012,93163.0523577,-103402.092666,31079.4351035,-886.518790448,198.555955914,21.2066761806,846.876050744,-74.6573668144
6671236.23403,-10889394.1095,2042574.5118,-445591.669797,175377.87736,57339.7660529,310709.577845,-177802.797196,718127.517801,-217482.881135,267915.207681,19507.8797397,28862.1711768,-51442.4129664,12717.374002,-30438.7434273,-503.183322377,-203.237197275,-322.583951562,492.226085663
18586916.4638,-15706348.6825,3049766.32091,-1278535.70992,820046.01838,-401929.95858,421574.592836,-350278.639818,336801.422132,-792328.982946,19567.1597428,-500248.099116,35647.8929729,-189186.25835,31513.7838961,-84332.6479024,-36.0521132037,-276.105393032,-330.700962122,-271.608338206
-8135054.09663,6890996.23386,389337.559863,751897.588568,345704.353014,410905.26421,-29376.9815211,350614.151579,-27968.6952668,340579.474209,-259809.595458,231640.715017,-37617.2544457,218299.900051,-30202.7967129,49543.050166,203.20736997,416.359799869,-63.6543392326,543.454273912
1485796.57661,-19907232.6972,543596.176172,-531428.915795,-20661.2134002,-108263.975333,185109.954625,-233303.517246,114077.550953,-71006.2696473,-173042.870898,-115870.685463,69046.5797352,-113526.755236,-20857.762431,7127.93465281,651.678084852,-59.7256065366,378.412147997,-764.810026614
-20100649.2472,14850179.4573,1456613.10769,836983.13201,-4579.82787394,203021.517616,249255.467277,238569.201357,-89295.2145568,371169.680147,-94777.1436636,213009.621242,-28984.3148534,100423.321985,1580.45000369,2826.36989308,216.26411712,-572.836295822,542.499113046,-105.441187116
-12496149.6771,-3024717.96136,1934941.07068,-853881.439529,494513.857283,-138889.663962,277109.228003,73108.3966435,173355.38808,201956.628933,-291122.343122,89381.9264495,21951.0542911,-110333.986334,-11088.4750955,-28492.8288392,-272.64299628,-669.670860042,-3.82493781897,-747.694842935
-6356209.46443,6017790.6802,1086921.16374,651517.607171,-318342.792062,260127.833713,455009.880531,536839.762613,264826.460898,787451.397323,130912.050768,842553.768011,-7352.33010271,223628.429922,-1449.80989706,73252.3502477,-256.837473007,-664.999740134,-200.549360342,925.852462297
8475929.88972,9632992.30401,1030033.88912,393110.159277,946557.886182,182437.853825,631889.483766,-147100.015327,839328.596829,263114.422991,454181.726641,185438.306451,171686.624079,-17616.6696287,49154.4944152,12736.2615455,-315.586878869,-327.040778445,-172.858022161,-356.735392888
907504.134452,4666336.90397,1991912.51696,-162255.732655,303006.243143,342934.909965,295149.725009,-222906.953826,508525.703117,323541.435437,437099.533682,114247.31777,111205.852448,58152.4673341,32922.209456,-11006.9542842,-455.474297476,-682.653397416,-20.7845071794,-379.425237904
6228422.01528,5664240.88947,1270964.82596,789814.352871,712115.339792,-124805.110333,334665.628469,124364.522908,698395.994658,436927.359936,246675.790648,-37411.0909658,62254.33846,-48921.2365814,13961.6682031,53006.9664253,734.657232797,-440.948587668,72.675251936,-990.111970192
11806381.092,4403703.11299,1986983.91495,-440706.114905,563246.296291,285193.602232,962948.325426,36152.1014465,950968.157098,-8767.00939949,451970.044281,27280.5547746,122213.929477,64408.5395716,80923.5727446,-4431.38757799,-185.863770843,86.8849214803,-843.915637313,-250.393654761
-1311908.8008,-976013.059827,1167144.20675,1022014.50131,792995.670979,-326767.788672,579913.700333,-135193.208201,940397.143651,-438353.28331,275520.382965,-261566.247327,149854.068432,-149752.003269,68917.45862,-86152.4854511,216.053687191,-391.312312866,-422.393650578,-443.698249037
-1940887.94251,4516042.49528,-29811.2326059,838328.071796,-165775.849363,36024.095867,130121.035959,16904.418279,174904.016218,-138946.535268,-152800.249601,-42815.4246823,-19970.4609079,51453.011382,-50263.6571547,16395.4661638,3.86968575644,-169.93012025,57.7397916074,455.975726337
6922181.13371,-2551064.04997,3151931.2635,1111295.65824,343039.631886,818401.364624,488084.57174,580672.802556,226996.04216,86638.9265893,115135.573924,178919.999879,159253.350223,-33988.0817429,28269.8417422,53226.6089796,-621.340559272,314.876716805,-350.686276883,-145.402376655
-8579624.24191,-578697.921186,264597.621718,-792740.870508,350847.064975,-96518.407759,529469.908002,-512869.627075,199665.340052,-290233.449927,61402.2047386,-170109.315029,-130372.99289,-64514.9754476,18381.9572217,-37239.2343303,-136.420132609,-204.179497316,-23.3652527714,211.283145405
2282519.00849,3139045.15704,842767.636059,607372.943481,264911.023077,-254320.874303,437167.530902,110093.681465,64396.1370289,172767.545436,-196176.81372,-30544.1751278,-36022.4034596,68708.7864831,-41554.0877092,-30742.6606704,-352.293469691,163.776981981,-79.4994001923,-8.97870787182
3150261.39254,23490048.5198,1758189.3312,3575234.45069,-197648.228107,844829.371407,-15389.3115237,168115.784646,43471.0827939,729155.380117,-248948.187044,530912.713815,47853.6966362,196380.054353,-33291.7803619,100670.524239,-884.94153464,-282.337936853,95.6492805027,-851.775879466
-3188423.14975,1797430.63862,4666350.53463,162034.954402,1156206.46535,472086.283077,869047.641995,586811.131516,1073468.84385,524148.499681,550469.24557,393321.774669,300209.231834,36259.9365742,135474.727658,61013.6507401,-599.142257974,245.578984448,-511.293162714,-895.614718341
10294456.786,18872116.4353,769078.701746,-81987.7446716,451805.754724,-465852.649398,129131.909659,-70756.8239435,212283.686028,100516.729114,-173659.961461,123212.202881,-97439.2376848,-24077.7598815,11192.413435,-12655.5869844,-577.603751123,-1223.92799105,-1387.44450614,-1415.72943061
11033618.9011,20109735.0691,2589275.55625,1228110.80269,107582.975635,577217.983738,884822.379592,54747.0500851,808625.382272,540701.172106,514619.04565,267294.895262,96742.2373047,53762.9426498,5619.41545512,-11990.6012309,-862.923632419,-1022.52529717,-277.563163479,-1423.94141787
-16351004.6422,25177674.986,-4218742.53816,5403782.88457,-592540.362291,1508072.17742,-777166.893559,1027253.2903,-211889.495991,1432481.00392,-404164.227946,1161392.23512,-273147.098895,602347.402057,-118555.51246,270894.663815,-1055.36057862,-529.135117843,-1181.1738048,-604.498140876
