40055636.0,0.0,13330100.0,0.0,2580262.0,0.0,2195069.0,0.0,1384776.0,0.0,1152845.0,0.0,676557.0,0.0,579325.0,0.0,11872.0,0.0,13848.0,0.0
-263291.589434,93429.8752498,20311.7343758,-330702.752727,-100976.251927,-65981.8123782,-156226.401617,209708.293808,19003.6019343,60805.9254857,45699.5605841,-52313.0281214,47508.6753784,-65956.4054027,30434.4462759,-58770.1433345,443.315832987,580.096673638,462.637226579,284.436616052
-653190.059812,1996109.25401,-2655002.38074,1887034.32817,-549889.188766,441704.521676,-523730.666092,112543.387554,-196658.571681,142002.364701,-138201.996517,85475.4781118,-66060.7720087,75191.2665008,-65675.1470859,85522.7968447,-911.013106738,585.205302099,-305.338270842,-62.0438182192
-2583963.39103,-7346933.4899,-1116357.62346,-2276074.34876,-54415.8494986,-473114.325519,151601.229799,-269981.989142,-88442.0477276,-301372.619238,-8230.41483372,-153565.310411,23831.8106786,-123368.100824,19396.779014,-111611.424258,574.119414581,-366.467913661,-389.837720643,234.909605091
-303829.197766,-8810775.26407,-139218.094435,-3306958.81927,82093.3828298,-485547.568467,-47480.0846506,-193039.918215,10782.025704,-311574.00338,-21947.6097907,-199673.746092,27281.9412459,-166622.888862,737.622181885,-156919.047067,-275.985863167,95.7809525064,-149.995344982,-273.065274004
4906640.8922,-959671.657219,2240278.42947,148280.143276,412193.691479,86359.1122636,4587.61433038,-58175.7498338,196405.875217,12272.6971558,106819.75934,-43993.0032822,121031.994822,-4403.6587677,103673.976629,-1034.32695101,-970.697026553,173.63607429,-141.440775379,-139.246401524
3616113.45172,5721592.93635,882638.137303,1944597.33589,-133342.774286,332658.042181,-65986.3030298,130980.90712,55907.2348667,205182.423365,35257.1013246,86895.3492202,44330.7503772,38573.0687152,32980.7514937,33702.985068,-968.44723061,135.337950803,-163.183632541,25.2731520626
-5393026.07467,7321271.79181,-2126365.13011,2815108.88932,-401828.588982,309928.747299,-249315.711726,359977.86559,-216377.405292,207513.476968,-51145.2044003,196090.170087,-50147.0469607,119007.292727,-51254.4627543,134568.875882,454.790806632,-118.510927749,-113.254493122,126.062002085
7166703.44085,-6098595.94155,1057644.78995,-1319105.76925,244711.79462,-338384.642211,267996.469763,-369062.629658,49857.2336984,-144789.173274,178220.529626,-172826.158891,106630.901352,-81449.5999645,95865.0540117,-68846.8577445,-325.831044285,62.2445579478,-454.486691673,-140.234790646
2345746.70636,-10161732.9033,255945.319224,-3695834.07328,207217.131849,-514478.851224,235572.119286,-464539.127131,112215.049406,-323648.61519,63840.8990314,-276598.50614,43692.3031909,-210611.169664,19028.5811445,-175254.165889,489.094457282,-315.001760737,-89.6488710151,-43.9771030724
6365093.34133,-105050.361004,1155811.14308,719744.430504,210525.542802,344685.698249,38077.8366312,506755.667599,130020.44486,60160.4228438,41212.8334411,63455.9532063,9526.13247334,47363.3040269,28017.0676398,52376.1451903,441.880283426,881.932985193,-312.8153241,37.1992998365
1984648.04336,-2386028.77946,2357961.68112,1033135.1711,215850.594583,210162.039138,62735.1190189,-65.265555584,89417.1648866,50028.0006427,140895.136066,24074.7892855,125217.565476,2708.29421083,134339.62698,22709.5203255,-1067.46413307,239.441941211,-215.845750641,267.95085521
-5806137.15406,-4556107.13178,-2652888.55783,-1053624.42306,-527763.254029,-309670.58155,-70423.6138842,-368401.005521,-200306.299604,-121002.789362,-170775.067087,-120083.151961,-98032.4764344,-99154.0541251,-85117.6031648,-84260.296237,-9.0047854151,-342.034297208,-172.572566626,8.03044045418
-6040155.238,-2246629.27078,-2137626.45341,-149208.953152,-222362.808473,-66060.7822707,-351388.856549,95461.3149358,-228559.989889,-16312.024679,-162353.643858,79308.0925276,-52961.5215337,65114.6350528,-59859.4082573,27105.5022964,473.24283892,248.54773482,106.716115773,312.008603166
1057316.23234,-4109103.57282,873356.76488,-1092306.09211,432350.899849,-150911.030166,123191.562026,-79457.109576,100328.652023,-94908.1603427,28524.4086945,-34933.7774998,66597.1573888,-17884.2276451,68656.0735893,-37845.1847968,-26.7359091559,-245.405495612,32.6129569307,147.320834055
3703456.92361,779934.156257,977909.771251,-9221.34337687,33643.8339879,93783.4974356,93331.3488259,-76432.5507849,56205.0791245,24019.6574783,103141.540793,2356.70869688,28193.1959163,3032.6989436,37801.3886883,-9297.00069722,-1038.76855385,-57.9720426443,-204.253618462,181.313515815
-298250.208963,844025.413917,484319.280788,1258185.63289,-106211.347104,202972.070486,78743.0479755,88604.5912581,431.891503374,150859.386138,87717.2577376,-5957.42549803,46776.0980341,30208.1568279,40108.5441249,15483.1608613,-170.667558637,-364.046087767,-324.901671413,-105.036506043
-3656976.99891,-5781772.87391,-1575405.23984,-1108215.35544,-257564.997864,-363738.570004,-131081.13205,-190861.910795,-97068.6102845,-107251.322139,-40274.3580058,-79420.5447821,-3108.56147072,-62896.2596225,-16122.2634573,-76110.5264402,-253.663819881,142.657419773,-10.2719785999,168.308502607
4331747.74679,-85636.085832,-122141.569719,-394944.349618,74746.7573117,-35695.2868854,-129378.311356,258250.919902,26566.8273949,16568.0408439,37237.6758801,80914.9935206,25945.0734777,58558.64492,-19749.2894012,38196.9152739,-671.875189001,1079.8636633,131.333457144,347.570151122
-342418.623459,-3938652.11213,2176487.55494,-735050.232246,395793.34082,-61895.4154373,275308.63917,-115342.442191,110625.728989,-34128.3447513,69319.539668,4451.12180033,109246.215096,21293.5460742,96978.0674775,-828.860605506,-633.847565116,-26.3953533146,-245.352694987,619.242641103
-5256727.41739,814906.759588,-1173785.72142,-1038403.31199,-291844.596232,-85745.4337327,-102910.224855,-238296.774563,-63341.2069759,-50198.0153945,-124712.491711,-84194.9485196,-53677.3848513,-58566.5380052,-47841.9256959,-74739.1554061,365.976214239,90.0998447453,-45.263249688,224.707141733
-4386991.88504,302167.926124,-1880446.23767,1852116.90365,-331583.090319,259733.534023,-305077.428487,316087.232013,-105952.146087,108561.949532,-146751.694687,124822.688871,-76797.7901913,86820.8855516,-90703.9318069,89067.6448984,-34.3325456754,158.805204261,-149.534208739,414.238906862
-4316826.25372,-55253.6362403,250419.210671,759115.041774,252483.818894,-74030.8159092,156433.92469,62631.3276213,42046.2061611,16581.4726627,125588.565452,98003.6272541,138263.081127,46591.9328977,89894.2412822,34597.0520596,77.6955819813,-313.419355181,-58.4685622794,-72.383817591
114938.021285,-5453767.61508,-185700.053716,-2497780.09934,-26916.1755829,-366829.459303,19657.2984456,-384992.792605,-50639.7253645,-174599.603585,84290.8007669,-138800.805797,59815.2537067,-70910.1746375,18996.5598313,-96347.5444874,-151.40801601,331.566055457,100.561287003,-18.5454801322
4073223.12698,-178134.163315,536840.819171,46892.7562667,90011.0090484,97255.232778,189018.375495,86905.9537242,100836.790551,86520.4313312,39051.4891375,63838.2367972,52879.0983945,72595.914957,40672.8386343,56905.1400775,12.9026487522,-389.833429117,134.98978214,275.893161123
-7072760.80809,656134.725785,654727.914786,383685.008634,3496.4771861,1356.62489443,-119700.547416,200065.642089,18708.516369,13761.542965,22520.2566408,-1973.1716169,42852.196945,8180.80475875,23277.0896145,-67.8627791714,591.520786336,659.578993744,-188.721547823,154.152176807
-728938.944825,708958.993513,-1295385.54225,804879.902637,-189709.598825,66168.4266554,-92596.1784758,45651.3207049,-95357.177465,44930.3287408,-446.941202384,9831.25732785,5517.02357816,16718.9867745,-40636.1528586,18746.278498,329.4145994,300.193512091,119.790471207,33.5059874844
-5427550.98475,-6439300.02172,-1123216.65935,-351041.050766,4017.76959582,-18108.2896161,100321.657436,-44382.5305912,4631.25428165,-11144.2061074,109034.76669,-42514.939383,99638.7612621,-32520.0952041,63837.4415154,-14953.3828696,298.16407865,94.5506225267,62.6776444098,-370.652262683
-1838817.92726,1166020.12314,-641489.749421,-1777403.17493,25855.8994757,-206303.728104,-154918.203244,-321369.69865,-8349.50114662,-129225.078571,-41772.3616255,-65720.3057953,43968.0254993,-98244.3228854,15237.7337138,-101949.678945,-369.501088664,94.5192785318,117.765415407,497.671586205
-2353960.95835,190373.308821,-378959.241225,570385.205246,-188038.951452,52833.8822498,-3843.10768123,61033.476861,-26359.1249939,17473.4197033,-83682.523921,100976.075973,-18599.3760002,72281.2702877,-42397.8808148,71894.2016063,-364.769240478,-605.482119771,180.103650971,382.963371743
-107223.506069,6814360.86266,2211890.87248,2130670.99491,141293.261709,307701.120927,228709.107178,396307.671678,112904.710725,144598.8381,120077.130272,107262.875908,129878.060456,47951.7820108,117684.304334,63861.3815381,-202.054957032,22.8715988381,-250.651279996,15.7061502376
-4610339.25523,28325.8953283,-518965.062202,-378106.976181,41808.2715849,-287185.673964,-210808.636562,-540359.828938,-54744.2324007,-65368.3426641,-22178.2843877,-172315.187742,23354.7308124,-118806.348924,-34066.6371047,-118931.40417,-584.121188416,-182.648337319,-268.060467162,150.524458428
-2729812.18804,-4588203.1145,-2243305.9446,155883.12311,-113598.266995,-15925.7427281,-141917.360686,-64403.7449808,-89942.537544,-32626.3884814,-64667.493438,-84071.9256532,-23489.0088523,-21895.2425861,-59802.8039014,-14682.6768929,369.836718359,17.4066447239,-121.21178624,69.0004835486
996702.244372,-2951454.9472,94346.4055767,-1170958.33218,150339.111184,-67766.2749375,284633.516713,67614.8976511,54378.4000424,-125681.844942,139118.093802,-22115.1042918,93811.0976113,-28578.5767954,76417.8647188,-25643.9923882,122.450966437,120.280836299,87.5020139302,-192.588900013
894108.198045,1451589.72486,432305.086568,-2193698.14058,-157630.048793,-194234.67991,-12458.0872508,-76189.5134858,-10458.4840493,-84150.6006299,38458.6661092,-79263.8291489,21643.4424997,-67995.0174846,-4415.75182042,-43112.7526596,333.195472254,414.00884478,-29.4099332811,72.2319142977
-2202128.71856,731693.8124,-7918.10326041,1014240.16717,-64642.0955621,260139.509387,-45127.2751754,123346.151046,38867.7338653,106404.285459,-33907.7922688,64010.9332639,-8680.38475534,43437.6871853,-13323.0220996,77926.8961844,-14.6688553346,130.595592301,-97.079661434,-64.7051481242
-5356926.27301,7812219.30844,-659547.504057,2044716.1294,-155558.419257,20864.1337271,-225894.773889,50513.8525007,-51940.4546004,66872.6281639,-53668.4035986,58298.8558598,-8102.68532312,-14331.2241103,-38118.4461899,-8442.62462583,-376.911886195,304.757070333,-188.503288438,103.74541069
-8175516.4701,1596344.48744,-2000377.57624,1591983.61406,-377147.605497,183373.257762,-329965.222983,-16289.4026642,-251489.294207,54071.4249194,-145178.304192,30877.0940291,-62067.7774716,18661.5752002,-79940.175026,51672.7940263,-221.917135663,510.323914003,-274.124286908,49.1758002718
2296744.45918,341083.458405,266671.152977,11128.241721,279458.877136,151543.219159,415811.606044,12572.88395,92039.6571914,-8937.61526399,131277.48145,11256.1954473,109975.163778,36585.0871141,125667.151687,24043.3173615,163.277239456,-163.432321356,85.7223508803,161.255442046
2116027.57787,1028503.43473,143989.918815,-2391545.09905,-54426.1817123,-286891.226029,-61718.5271948,-188362.956886,28113.8412612,-97028.3163116,5608.00800864,-132962.105562,21176.5580724,-87189.8397942,24216.4935463,-61804.6878987,-33.4373911229,94.497351556,82.1964004385,35.8122760832
-3505668.16134,5448739.83753,-542006.59745,1445933.37824,-236161.685408,292629.358995,-325125.145304,305657.42435,-27857.0607669,193639.733483,-111727.472229,114707.95624,-55164.5667261,90833.7327406,-44645.5699412,94014.1734149,59.1456393566,-64.088601332,-94.6353865351,67.5920302612
3139552.66004,1723417.81652,2618862.50972,1924517.39376,235291.765109,102968.789606,338815.750728,16468.6346436,85793.415575,64192.1258093,128017.675707,80394.8314404,112607.315694,52533.8676055,100792.088399,32809.2542007,-56.1714022901,282.204888049,20.4936979963,273.609349193
-2381429.91332,-1720645.55114,-1046811.55538,-1319690.95913,-113437.455216,-388617.95609,-162280.766037,-299314.283183,-119111.460444,-43910.2084166,-13572.5802106,-127650.206728,-13473.6804293,-99071.5698648,-20839.1451157,-100135.906639,-4.55524370117,158.222404657,216.449132528,-11.5097623414
-2082246.62472,-1961782.5268,-2378510.39359,672222.967927,-152834.553736,68481.2193077,-110452.557838,-198158.898204,-13700.3428641,-72108.4408977,-64291.080472,-1822.37756153,-32596.7910655,23482.0390057,-23837.5710241,25792.3948367,-499.651718148,-162.431159769,-124.11554519,-77.4511478234
1684602.86617,6089785.54957,548916.12907,162394.675195,152446.69441,239497.084406,239895.387252,349449.774822,52016.8589693,-8534.44073315,92495.8042806,163189.073998,76771.7147008,75415.7380713,65770.4560815,45537.4715095,-97.1741960145,-97.1745763062,131.542843368,45.3808825164
1398051.5,1330853.28094,311621.0,-506782.477837,-178960.0,-22992.9744705,-255915.5,166338.36533,-30530.5,71576.1335974,62679.0,65842.1793989,29116.0,16362.6839791,-7047.0,23025.8834358,-120.5,279.726205422,155.167295593,24.7294734195
-1836396.88376,5784832.43442,723082.264131,1118674.26778,-41395.3534362,79957.1642354,-143995.407537,-163145.742291,-4272.03514298,107605.610608,-30327.3644287,20180.4945501,17095.6280591,21349.0289545,11067.7062946,34196.8665551,-56.9123033053,214.725975294,37.9894992353,171.919631022
1395462.99131,-2728619.727,222715.329789,779424.034848,13154.820359,-192707.406829,7877.42397298,-95939.5222686,-35089.2692079,-66918.8205719,-5797.30323765,-51208.8296529,58410.7161766,-41698.7178392,27683.4096509,-44319.9687626,-113.348945923,243.376004622,55.5164345841,61.8593577402
44732.8201344,5487002.11479,-1229153.41105,1470578.08761,-44838.0311746,258922.279376,-123475.320749,287590.276609,-69222.7640653,102407.216017,-25654.1076351,54809.0031297,-13140.2430431,62451.1604842,-12831.5549957,78158.3262324,-72.4326818122,-122.496393199,-103.35498924,-43.1152871255
6298633.63084,4623303.68095,1509005.00879,-37206.7844428,298141.305624,298395.447515,402498.218264,117571.085462,183298.457079,60088.5892849,190204.55159,58746.7703219,125858.313673,91354.831089,119586.685585,82805.314525,46.350846064,-24.2833131609,-48.772414691,8.57240515448
2940549.85274,-3422466.5573,737793.788281,-2765367.75075,-57265.9159538,-384000.755065,5387.57175391,-308729.035694,62830.4986407,-118045.595304,94916.5078232,-111743.332326,58808.283538,-76002.7663901,38678.2154163,-70904.5806509,11.3491638534,77.6236431196,204.042438394,21.4886729037
-599734.693441,2304917.9121,-972412.799661,838870.622125,-403188.532073,-47434.5063484,-340396.541336,102988.678877,-45601.8278825,96730.3054944,-74179.4830788,128180.959768,-49809.2945664,68638.390381,-35549.5806414,59343.1007326,-172.327243016,139.875054665,157.609643401,-67.191696453
7275690.30072,4452409.26559,1871376.65306,1754574.02754,437274.100326,245830.733965,405898.694737,91837.3391823,153712.467391,41278.3856815,207628.139471,146786.469323,190902.259939,57221.7962569,170008.622514,47869.9721116,208.509828671,-39.0948820815,75.0282826531,-73.8147538938
5583778.81372,-2704292.04074,456545.135526,-595073.812856,235201.746693,-38105.2169995,297405.355858,-29757.7654319,66359.3678485,-50963.9629278,131027.975962,-81036.3619305,101042.31473,-43934.6524488,71366.9284341,-55220.6419443,66.4380445821,-60.6415855385,62.9609861143,117.419098523
-1065169.60341,7113217.73195,-1683840.16174,772443.063504,-309695.584691,352660.784939,-409536.057522,326979.470617,-27829.864923,104199.396145,-27699.602855,47988.1149384,9521.07907854,44454.5969147,10896.2646574,52594.3916992,64.05262247,28.3756474196,-33.1368077256,-89.7393857619
-1226695.68684,-3537536.2442,496680.616566,-744871.766172,-91632.6432564,-168168.971333,-136181.654252,-256271.34098,-15984.946571,-131161.110368,13307.8839673,-47873.6988017,55529.1398949,-56638.2716346,34241.6606588,-36761.9829686,149.982670533,57.9789114126,131.956694046,-4.35818210778
714933.942167,-4469208.2459,690511.706964,-843723.507951,73399.898888,-204316.698326,160749.195106,-8817.16589286,31059.5681977,-10246.0926734,63665.8275069,-100547.244948,31919.2443309,-83465.4020946,-2335.38807321,-53364.8959495,68.3795461506,-54.0346068188,61.9674343065,74.0829888059
7412726.52583,235455.888839,1438058.98683,1008361.64385,431350.894059,134627.191866,149385.514783,144780.381493,150383.620441,107558.863796,86241.4351193,20452.112803,81721.7551657,39895.9668895,83497.0240602,24768.5484983,45.3335232947,86.425099074,67.3917931741,101.902230786
2317615.55086,384212.790402,-140021.996102,3381.69602928,-36354.7458999,117093.753707,-124299.812042,-240347.802023,-22851.8564209,-23225.0922478,23132.5289696,-52742.3591533,48574.8573455,-15384.5999693,37709.7122384,-45508.2066508,-60.1234316099,144.321848133,60.6016801519,-35.3034448809
1962719.50935,2422079.67642,-528647.25168,591382.19422,-252892.210346,276214.926301,-48702.3868898,248934.157141,-51639.933575,32930.5601822,-5369.51239115,36228.1744584,-36299.6436011,25988.1372391,-22175.1548099,62613.7151756,146.125777043,-11.7443846289,56.8290702329,26.0089306117
2214642.66236,1979345.26549,1548469.01386,384846.007695,61459.2279895,-169072.998034,118002.030071,62673.9065893,96949.3239834,18387.6953348,166041.561721,77206.4570321,88586.251871,7387.67642404,108108.986513,30338.3227398,-89.2112862899,-15.47617021,-5.32262761491,-58.0408848895
3766490.62312,-8786238.70127,747442.039924,-2182923.08925,273789.417101,-465687.146363,244416.160078,-393236.774619,146520.726776,-215116.782568,121794.632303,-196690.179857,108650.929354,-141556.118587,55887.5084743,-106441.280816,3.52239844629,-38.8917319367,18.8508646534,-5.23725007249
2142046.57955,127584.699088,-1188746.55999,1149427.09652,-1359.20553632,308098.096425,-97877.8463725,300254.297112,-3708.95985789,116126.60551,-77708.6393818,61243.2272134,9261.5089305,56512.0460936,-15147.5071586,18070.2481399,23.689717877,29.1577989156,2.31540666032,5.44676848418
5735427.9414,759765.315419,432002.197835,1147414.14834,52266.7300139,446230.471858,-77732.8299805,288217.99627,-5753.9714893,39973.7603274,81032.7933146,111835.61531,89143.0909836,44545.6706394,88885.8574508,28795.9760591,40.5809446195,-13.6474146835,25.8342080063,-58.7992265038
-5556596.85249,-2872224.7793,-496252.772994,-2247567.0209,-271880.418748,-329736.30288,-91781.0067161,-336093.846751,-186484.434262,-142040.160976,-85144.0462702,-189150.551687,-70199.8572393,-106814.177269,-25839.3778084,-90089.4697369,-27.4599188918,-5.23570258551,33.9230967814,-25.7584903624
-342072.925428,-4026843.11113,136526.188767,-460984.605864,-158311.336344,-297553.61101,79148.7554449,-122333.987503,47893.7091877,-97088.6439905,-14629.9395158,-76930.7076297,-4768.58881734,-45792.7446746,15010.2261107,-2375.66770603,7.57501750955,15.1293522337,43.8866879344,-11.6682962211
-1225914.15234,-2090504.14401,517091.232707,733827.82917,371532.232657,-76835.063258,-10276.4952085,143716.605425,93594.1762632,-1983.68831365,53278.9896993,19982.3671778,74833.3440318,-12358.2463234,37591.4114327,-9021.70129975,10.7227826045,-9.33663355056,34.9831441895,-28.3045383717
1759535.68016,1119102.40035,-1201638.75511,1096470.77084,137097.372262,336307.063294,-17128.1705184,61997.3991611,-37110.4033455,163720.702502,23913.5406728,75968.6935712,20907.3596252,66553.1804925,-14032.0957641,35828.3123357,-1.44785151768,-7.37287142076,41.2303200039,-38.5402660727
1505504.31995,1826388.6737,-130150.313187,204441.216588,-125965.913181,458457.27184,222789.301138,276190.048344,-49211.4486319,146536.829886,100970.783153,83345.7895968,46601.3320807,92681.5200471,62036.2709296,45344.7000104,3.2714536972,-34.6748008887,28.2356276969,-38.4872897827
751308.06794,-1883785.44649,-39125.1449908,-2213442.82961,-231063.067986,-416250.318161,-143946.299453,-270948.196794,-46713.3828537,-183659.2536,-3479.67170671,-109121.864081,8199.24806167,-81482.4954602,23113.3468506,-112232.421566,-10.3111842449,-17.6075263963,38.0262902001,-28.3755433529
-3905948.96607,501043.500746,-353451.137702,52555.5270829,-92764.2366903,-239453.707055,-178737.861594,-51054.4185213,-58451.882859,-109584.236951,-81545.8554892,-14247.5173206,-30907.4640793,-42100.3870824,-16368.6288577,-1356.7859704,7.10733243775,-15.9975762173,35.2579264044,-38.8166370652
5584292.40404,-4137670.43077,2412176.99647,2050622.08842,573932.699617,112195.297999,373011.686289,341824.258734,241754.575199,74246.8241269,168140.913517,70509.6511801,148361.798224,52757.9801207,115852.843785,42008.3770634,4.69108881395,-11.9744630238,27.4546570005,-60.3659564546
-4863204.16685,1212108.29919,-1304181.46044,-423041.685881,-32225.6135525,80229.4028791,-158127.951624,-243131.001679,-99492.793798,71782.9888123,-244.81750853,-40125.8451694,59398.3608873,-1002.89707252,-11896.0013943,-39204.1466932,-3.13892630588,-17.7026498322,36.4557787467,-1.92289551765
-2991431.02378,-4863519.10487,-3253300.50442,-961305.992272,-459815.101915,145958.933787,-108802.654602,-44345.2355771,-200944.98659,30342.1777788,-193542.932725,-18531.1155792,-85733.9029413,33864.9354593,-102057.011508,-824.059384302,27.9267762418,5.97929281834,-13.6221879806,-61.4271189938
-2938986.09904,-3902267.58649,186892.144499,-1547854.84712,-178366.933939,-302088.047428,-85558.4752224,82089.8892164,-22495.301932,-207716.405327,29980.847991,11187.0554313,17006.3746398,-22119.3877543,20435.3729865,-15886.0408752,-86.6477944465,-41.3419851458,13.1350137687,-4.64340301919
-186868.733281,891809.509766,2692926.48056,-1041238.81409,358256.319241,-290079.800083,74444.1147425,-66719.3779149,81970.1589057,-49196.8912795,76414.5583911,-61317.3870562,33602.1669602,-31853.8170535,30587.0084277,-30541.2122895,-16.8632199481,24.1307894161,-63.715268935,-93.1011372407
2335169.74868,-499158.80857,958373.945309,1740573.7855,381618.026867,251261.902636,237477.683469,20906.3109561,135238.802264,143206.071928,124446.174382,62912.2516063,112673.343075,70243.7246157,79902.0384295,73187.9005327,-34.7490122391,23.7049957396,12.7301769808,-41.1385421238
-2716896.4496,1141226.07282,-1258352.97132,1550091.96251,79231.8090165,224634.272836,36808.8764721,86936.372331,21843.6251477,32135.2692627,43271.901678,27878.7948028,79634.6279952,8978.08535947,12944.3542226,8039.59266509,45.210500851,-29.2139633358,-38.17493175,-65.2713050231
-2684036.95266,1369490.27157,-2342569.96745,-429462.78235,-369396.912982,-31172.8713781,-219337.074075,134927.967904,-210101.562072,35034.3367107,-83738.3597017,60451.1638575,-43500.0458043,20408.0850936,-59886.1233002,30384.7918446,-62.9710007938,-49.1473087488,-56.9680414386,-38.5589268587
967450.694908,-4465167.65008,1113522.77154,-2400403.0477,82567.2705137,-287233.303794,188069.062162,-40362.3184886,85630.9695822,-177260.187542,40390.9186538,-39021.6675534,59568.6930844,-6371.64478275,63754.2283541,-24853.1249793,-77.4277476785,63.4355026341,-93.248265299,-5.03046777984
4338.81975222,-1500704.65004,1665132.73038,-1998117.13237,238020.325237,-219327.749994,37399.8396624,-260288.104038,116677.654537,-117302.451898,41995.367146,-139721.860428,94247.0876326,-81967.3206602,69392.1050303,-98085.9656412,-3.99805398597,31.6373235455,31.2182681322,-108.808392725
598327.984753,3654751.87678,-41367.840648,2449885.16736,31609.7304042,159431.940145,-134637.657436,68406.7096184,11915.2457184,144638.249822,-37916.2666897,60044.7012276,29885.7387379,26377.06796,-8826.94151541,47786.989673,29.83592135,-42.6635650154,59.8032857882,-51.9316652073
-3778430.1093,-184280.173871,-958690.388884,2472877.34202,-94569.9861299,167586.572544,216999.964265,115845.767223,-86010.8561706,54698.9406722,17108.3452575,65785.4332548,49548.1664519,46966.2982608,34959.4610141,59791.3365123,162.290751589,-74.5287168668,6.92923668085,-51.735606917
-3758129.85135,-3314429.05579,-1883751.46079,-2514846.4136,-181012.66133,-335636.589041,85367.1754053,-98205.2359514,-102853.452185,-129693.932423,55512.6324805,-92390.3889359,34987.9871429,-54227.5247454,-17733.5908672,-66646.925459,63.1914139484,115.122918958,59.1164570785,80.8102305562
2240150.66418,-2637935.23014,-690469.419988,-2181093.46658,-103587.631309,-325781.701954,-214687.063395,-191609.050771,-21578.6852727,-64676.3842899,-18578.2578037,-80515.5517036,9599.78557147,-42420.2905915,-26314.4159417,-39239.6310706,-74.2030025096,-160.421770177,-29.4951281502,-40.083434686
-2214642.8707,711047.718236,953683.782734,390143.725185,259032.250092,102082.374445,153517.387871,76493.6565641,140439.567995,-38657.8861762,26979.8121935,25733.7378425,76234.9916765,2739.15811346,46515.3124979,-11305.8359532,118.49706371,-59.24629722,47.1736938107,-146.808617226
-80217.213231,2695184.41489,1345731.67107,1373286.72144,4646.34940977,96737.0082152,-74384.545794,99383.0098234,-107779.09397,113680.786219,43024.2107544,-8383.79865367,25975.2628355,-14545.2362516,14129.4568473,8347.51764236,-129.031199455,-102.127246134,-103.255466995,-122.774036984
-2812671.58612,5367368.69352,-1339977.67128,1984075.52122,-194652.891966,199115.44624,-54650.2641386,55572.0546092,-70856.1356864,174440.483883,-36599.5349516,79155.0600377,13202.0092658,38558.122976,10509.2669008,76563.739326,-53.1647526787,-175.024592447,-54.3968060408,-51.3631106443
-8436743.91598,-4146342.5268,-2619259.94833,-815123.159684,-136958.208755,-280438.787509,-99124.6165188,-164215.922888,-83064.0443012,-149310.677303,-116293.971598,-76702.2490696,-9160.0533755,-62558.0363046,-33653.7867234,-51196.810603,-0.0127505026223,-42.0294319683,-21.9566623366,-86.4038161237
-394359.705793,2703652.27951,-1130417.16193,-636621.698429,-255964.736734,-31244.5620608,-224971.548996,138535.791375,-82136.9602806,-27863.7705894,-75873.6751409,35173.828167,-27494.8324345,8994.42129245,-44721.2460816,36688.542279,84.483925422,-30.8580816418,32.9671714576,-89.5736791403
1214862.5,897165.079228,2678591.0,968259.702701,372664.0,234424.41655,325530.5,-18802.2775416,150226.5,95984.1935776,97007.0,34661.8007611,82704.0,42291.4845684,95848.0,24046.0613615,-36.5,-120.377531126,-67.5,-187.927512621
1281594.41959,-1604431.79936,781240.028357,-477501.963678,14627.9307984,-119845.476701,173622.96367,-177086.458994,-8807.52873918,2934.76497674,51924.0081818,-87960.8106735,50012.6677218,-37219.7541018,43884.2778136,-55655.3683721,-20.711413269,51.8066420951,34.8528796828,23.6793225193
-1794178.63252,-1113231.23354,-1698517.3857,491693.813291,-197071.738996,739.974608992,-224510.786676,35837.5304271,-80327.0837004,78291.5597016,-60257.4903573,-12609.618453,-29608.3760961,4367.86001998,-21169.486988,17072.1723213,123.55328837,137.589510759,-70.7591111269,47.0238191665
-1063965.28348,2066885.23555,-892066.311542,182601.401719,-22644.5220832,-159398.661848,2819.7194034,-26752.5382216,-34996.2632301,-83696.0695137,13296.5811637,74997.2762785,43797.792597,20925.5950771,32927.6844662,16872.7559435,80.1846830786,-68.5858327867,127.762753106,54.4400241429
-2005566.45059,-2770238.3922,725113.909777,-1765641.2905,142471.142147,-64471.1880331,172441.053758,-119217.72443,-21865.2691351,-42334.8235725,92766.0149612,4058.45944405,51550.153421,-10709.1732273,10886.8278509,-37846.0897655,116.38747718,119.516306416,119.117674369,-32.2933441046
1147356.04269,2487275.0977,-94309.9055843,181199.264352,-108569.179496,10226.5587297,-158536.157652,113815.57689,97758.0230688,90010.7049784,3296.80307664,10083.8884922,18050.6533471,5130.47479807,12531.720564,13084.6959064,-182.67257167,65.1743098202,134.16554452,-74.2019667394
-3473864.5194,3363003.1135,-429705.686442,2069377.3863,-202309.108644,18511.4131512,-166024.635866,-13133.2345854,-21395.0857813,97854.9634328,-80199.0820224,88779.5919762,-4245.40521052,24707.2845256,-36780.9037953,14687.2422667,-208.847504987,-194.492164289,-138.976656047,-126.673946668
351815.873762,2685400.32789,-395109.471263,580837.956708,-27095.4175759,29928.1077519,71021.1719269,227500.42857,-87767.0305417,62581.0884989,60550.7451035,33191.3128884,20290.7270831,2999.28102946,4476.18113275,33432.3434732,-21.1898831091,133.751954885,-32.8351780435,15.8395935785
19048.325398,3760610.47884,-613908.130511,-746494.293378,-96549.975114,37352.5054541,-161486.311734,20358.2576758,-7799.76842384,-6050.34225941,-3660.17744946,26135.1852581,22115.5521992,52649.2723664,42888.8699517,53684.5126797,1.30100514585,146.615715944,90.6228092447,-22.5796686293
3766183.4273,1148877.55186,1013279.50207,-777100.267504,134986.461462,-17882.972186,119986.643726,-295015.249081,155681.374192,-65881.6373067,93209.2736544,-44645.3772115,101880.239097,1399.42023264,61461.4568482,-17486.2758812,-31.1082060198,87.7754519392,38.5695243139,-156.195749632
-1094590.9989,-1872199.31194,910393.406722,640051.76422,-67749.7879706,-13270.5636205,199088.789616,131915.867195,90273.6304106,-15626.8933222,27566.3140949,-41310.7962119,16844.3915778,-404.731653163,5358.02320713,33056.335081,13.8253713162,94.6544261828,-28.454068475,-78.6722787163
4190690.65645,2920962.61574,625535.214634,2184867.70504,68342.7366846,220103.056962,-62834.6986414,352992.208234,51764.3491388,118514.148991,56824.7179483,130416.178341,33330.4788921,62047.1862096,60381.741737,51698.9553631,-107.250910171,-5.95705293602,-94.8998015322,32.4874546616
2779822.51669,-2646291.95939,291095.768111,-1721570.84514,124042.197938,-259586.145863,8749.63255727,-414446.184485,-56053.7773678,-27623.7907143,100813.428672,-41431.4169203,63593.3011358,-31688.9619634,44117.865409,-43474.4115983,-237.06894615,105.378941916,-77.5844621784,117.75874588
-2702881.17407,973476.554018,-1453301.71782,-1729867.05489,-208028.230954,-101704.131688,-61860.7523144,-23720.4130661,-36019.3900939,-54251.1933866,-48775.5037409,-5826.60085992,9329.39652651,7546.52790004,7728.735295,-18315.1912843,76.9827237155,91.4006787411,19.0191623888,101.920118648
2146149.96675,2860120.2786,1141329.81088,447708.016842,77578.0758707,131561.2092,84512.6503087,104447.381389,115211.329374,-65662.1509768,67931.2437752,124509.820188,77062.0700518,28711.4653426,74045.481538,41553.066755,69.14988093,-31.781001649,48.0436698108,-26.6870299356
-185308.690329,2937311.81219,2213251.24818,563157.155766,62212.8467709,-95617.1341737,178070.536432,-79509.9603803,70668.2619699,36674.2807539,140830.400816,-27449.1191382,56928.1371235,403.153181683,44819.602884,15913.4743824,-220.868226202,-211.479779823,-51.5807217963,-183.007566301
-218614.178914,216378.528273,-1130064.59188,1307075.88391,-183901.099321,119385.975608,-75069.3422374,230615.928403,3758.93010308,165402.504538,4581.23434889,-12444.8257428,20204.2129536,43782.8317005,12969.6532145,47631.9584192,-56.6912801501,120.291000968,-39.8035450919,-109.594277568
2877561.853,235303.755234,-1839399.40422,96637.2596664,-135516.442744,-40175.016233,-313215.036197,-103906.674694,-50147.3596675,-3720.52185512,-2638.81176375,15130.5399062,44339.5424331,20660.9743594,20876.7337583,-25682.6277935,-131.071891793,-44.2141955446,55.3103558065,-19.403964023
4952726.60341,-1308542.65703,610252.661741,-1557379.17112,47647.0846911,-72348.4255376,8584.05752235,-270281.034791,-85465.635077,-123103.232712,46237.102855,-83182.0111617,59120.4209215,-70952.9269615,41576.2353426,-31689.2757576,-240.05262247,175.256448194,-145.843458848,63.0800007763
3739125.3203,-2233235.00292,2614608.57577,-1643602.91326,337013.185843,-47484.8743947,451366.336262,119525.100555,200386.721902,-107434.545504,93509.8888744,-34816.9321986,80560.4478546,11716.7371151,104913.908015,2432.63766669,-3.70660499078,170.218318082,40.31872329,162.750185316
6179770.27008,-1505122.82019,2015875.46063,-143370.819363,-12154.0451633,-97366.6663415,-38885.206807,10331.6619374,175405.625443,-22411.814475,161167.365156,-33428.7069034,105393.372022,-3968.21148353,104825.048669,-25278.3348041,-98.2997519838,133.336482954,20.5827841878,-103.455342342
-3573883.1191,3141150.1359,-1479154.49483,2216964.17927,-237094.356491,230472.241218,-249153.39848,71875.990831,-17140.1335529,161521.221162,-65414.6916115,76120.0338273,-11312.6364889,4461.58079134,-36600.3442529,30358.9440731,-110.605975097,5.52718454412,-49.8023037189,-41.6225699208
3124475.99642,-1528569.57414,-961942.572664,1423865.63856,5609.30126231,147881.613041,124606.128438,51804.1800358,-61503.1423667,37908.1034915,48583.8331346,143105.553214,28995.7542943,38683.948959,29545.7248026,23525.6245523,-79.4987072089,26.0394528955,-22.649167847,44.8025502969
2347562.87161,-723344.656494,307706.866609,-2760647.73765,34944.7026076,-213579.342416,28599.7303604,-141462.035,-69103.8543753,-123978.303883,79476.9451019,-95093.5602516,58456.3437321,-55217.2842787,36232.0480643,-67027.1785089,25.1406776763,198.004627692,20.5784883243,44.3258071131
3192275.45117,-2016192.22421,767505.149299,-2262573.02054,60449.906455,-161104.522529,164048.643078,-121904.755751,116692.556793,-79476.0969819,-24171.9634021,-91002.2190563,47624.9331219,-33326.081693,40095.95555,-26047.1680274,86.3694276815,140.436284976,-107.90176199,158.847885418
1289294.55036,1233317.72252,1665639.78706,1457245.94332,29901.5601501,284353.328375,-114591.532849,308474.99628,169848.408316,-24387.1306411,104085.948938,27573.5276113,98694.6739237,19889.606408,77275.7650721,15726.2620474,-62.1193615851,27.0913039121,-41.3484570683,-95.0916156932
1920109.23343,-1262196.67386,1212114.07526,1898830.48177,23259.1506119,128381.463899,-128941.2001,-45906.096656,-28172.7612674,150780.265505,77649.1536361,-3461.10624275,26674.6918948,5717.95825254,12437.9392712,9032.11617393,-175.468864406,-18.7443839766,-172.478433943,-25.6729016559
-1866862.07506,-2373889.45937,-2305775.51913,-452431.795561,-141392.823325,-177836.616845,53757.0669681,-227721.520405,-93554.4521092,55053.1877785,-18039.4660003,-30152.6163705,8253.3667288,-11435.1445547,26143.6045564,-6437.22011035,71.9328041186,-100.5925387,66.7132064866,-76.2521576171
120524.336128,-6078129.22535,-1264524.9015,-1597924.9694,83800.9758385,-194044.677355,72951.7489374,-12971.9202441,-13129.2723149,-118454.854869,-9501.74512304,-97849.7496996,50235.8713677,-58327.268856,15936.0328881,-84697.9670203,-18.3211803228,-52.5002153099,-12.1762883182,-67.4560204121
2168221.59601,3606466.96189,1064160.88066,-167550.616326,227098.748346,89132.1082596,-188887.746926,220739.463215,58014.505319,-10686.3866715,39346.2735818,53914.943252,19266.5484614,-9891.87002186,10680.6930298,8782.19636465,-86.4539663842,8.95533685249,-48.0804022445,9.54627606727
-339835.656288,2853931.19457,2109585.61367,827748.767392,45737.5103015,259832.448482,99820.8627509,83196.3861084,123813.465292,40333.3366114,78718.8080063,69468.0865523,22476.1876726,41875.4506757,55861.7091525,28654.1010918,-82.2337566785,62.9772031946,-59.1774450684,-4.71004129215
-3209637.1059,274044.100569,776914.03622,-9688.46968165,-115287.514348,17474.3339797,47250.7883803,-39263.0565399,43020.6776675,52629.6578044,68320.9429314,30030.3374408,59285.8580781,21930.2319331,27293.6129322,-15090.5100394,86.3661261916,98.4246200553,-2.45961832997,19.2159239359
2038519.1578,-1710923.00273,-1563595.41,651184.25591,-134564.674367,-157625.230504,-137301.672399,-52939.8203784,-14898.971021,37852.2627793,-29941.7540501,-9190.19371501,32173.104287,-37487.5015563,-8033.45264631,716.325057296,-109.334703262,7.51815480663,-57.5324447997,-34.0511178441
1136911.01107,-4224972.78044,-653099.964374,-1044378.03071,264075.562085,-151000.444693,91592.0557929,-26692.9543243,-2743.82211501,-177058.745977,11711.8460901,-21049.2144333,39796.8622528,-11142.6571113,27131.7102899,-24519.8984956,124.012080026,39.2952417538,61.3712897552,-29.4968240897
269547.116869,-4321036.12427,664994.425863,-1484767.92317,129810.671691,134070.694976,73711.7702456,52507.2716722,-51300.6818018,-95192.391447,82015.3227872,-99091.8873942,47121.0056659,-5409.99054552,7961.96884518,-36019.8749562,8.70049840098,-37.018752801,-55.5556862527,-91.1225294877
-603206.475646,781515.259392,-23903.7105274,-874567.222301,-198655.224249,194785.364143,-216432.090302,-66400.1804513,55853.1125527,54752.7810203,-28929.2323724,-1534.54199679,-5874.17703626,18270.2909317,6644.2709524,5928.12918186,-10.9177229461,28.0695810119,26.6082266953,-6.42289177717
-6614352.30693,-4509751.27902,-785382.96578,322065.088452,-189859.224502,-181057.109023,-29836.9631307,-220703.634028,-62142.5789965,-110819.314198,-31663.9547729,-23610.0446885,8160.25095821,-52778.9874486,-18276.7630146,-30834.5335913,38.4260015019,5.56443760368,-7.85298892527,-18.1399091909
-2201618.04568,-2572667.99771,-365799.304506,-15741.8423221,64061.7638313,-321402.754404,82863.5398491,190312.170751,-129410.058134,-16250.7098227,47152.1446549,-4638.1665345,30208.9972304,-21511.0684185,1027.48496117,24419.4518434,29.3425177628,-48.4138725523,29.230485333,-37.4070707067
2643638.98723,2615999.08692,-388337.367981,-165709.63962,243906.456186,11729.3330667,79446.3370173,66108.2659608,46386.4343145,79619.4197555,58139.4385835,54097.2647091,72336.0103474,51859.7791501,49404.4075659,30909.989711,3.30932112917,12.5886352089,10.9991080346,-63.427298149
-2882957.46888,4865735.39017,-723932.563414,218402.613904,-94075.075199,467836.556981,-34585.5774007,68905.9391951,-44566.10261,88399.6339465,-26906.9733147,67094.7178826,16384.0875413,75241.6936312,1038.18685449,31057.4782013,9.57842441649,58.9198816854,-33.6313705383,-42.0962475804
694516.2598,4490830.10281,-19101.0725198,596373.560451,-142419.100622,184579.823476,-12183.0991029,319181.085394,43432.2967101,81816.0664113,38395.9317682,59599.1414256,12362.648413,24185.0041069,18717.6645323,40509.0391287,8.51380134076,5.17475082425,-13.2219697182,-65.4087958917
-177388.402028,-1228925.47481,546286.557578,283600.871708,-194035.56787,-333169.908557,891.215685935,-161706.904083,26408.6794726,-108636.337897,45777.3351111,-13286.016597,30062.9227863,-50637.0284411,41899.1957799,-32350.4347251,-30.068177724,3.32641861912,-17.8465358197,-56.6943893123
-344416.339102,-5545224.9208,271126.991556,-1393362.46044,252584.821541,-259046.562494,262002.621115,-209006.160094,-22541.1238666,-106374.335784,43755.9090295,-78358.4879676,93705.1382889,-53211.9834224,48043.4237936,-45742.2058212,26.03553694,-20.2628213493,12.9834029485,-39.127486001
177973.928219,-800423.751274,-606853.268623,-609746.533195,200059.835936,100950.414961,-90188.8899083,-65715.1544798,90638.8855134,-1608.54793175,40902.3570987,-78779.7702784,87035.0265124,11746.4730561,26256.6374814,-19454.5978554,-22.9306836624,4.09914781793,-15.243682497,-51.5319902922
-243151.642325,545233.360163,-85973.4705447,719639.65796,-21140.3124057,425900.594526,-85774.9214226,91280.3766454,6848.69571109,-9244.70032588,-34090.2208294,86328.3717026,6132.11419629,77966.3268394,-13043.0687903,19921.0566564,8.69753186877,-5.50064532091,-12.3616500662,-38.2563155705
-8157964.0,2.81725078821e-08,-744616.0,3.95812094212e-09,-307450.0,1.09139364213e-09,30127.0,-2.61934474111e-10,-184258.0,6.2573235482e-10,31233.0,5.09317032993e-11,-12539.0,2.09183781408e-10,-15771.0,1.67347025126e-10,4.0,8.52651282912e-14,-3.0,-51.0
-243151.642325,-545233.360163,-85973.4705447,-719639.65796,-21140.3124057,-425900.594526,-85774.9214226,-91280.3766454,6848.69571109,9244.70032588,-34090.2208294,-86328.3717026,6132.11419629,-77966.3268394,-13043.0687903,-19921.0566564,8.69753186877,5.50064532091,-13.5484471779,-63.7367798459
177973.928219,800423.751274,-606853.268623,609746.533195,200059.835936,-100950.414961,-90188.8899084,65715.1544798,90638.8855134,1608.54793175,40902.3570987,78779.7702784,87035.0265124,-11746.4730561,26256.6374814,19454.5978554,-22.9306836624,-4.09914781793,-17.6171160472,-50.4403923081
-344416.339102,5545224.9208,271126.991556,1393362.46044,252584.821541,259046.562494,262002.621115,209006.160094,-22541.1238665,106374.335784,43755.9090295,78358.4879676,93705.1382889,53211.9834224,48043.4237936,45742.2058212,26.03553694,20.2628213493,9.42365428482,-62.810378355
-177388.402028,1228925.47481,546286.557578,-283600.871708,-194035.56787,333169.908557,891.215685936,161706.904083,26408.6794726,108636.337897,45777.3351111,13286.016597,30062.9227863,50637.0284411,41899.1957799,32350.4347251,-30.068177724,-3.32641861912,-22.5921176638,-45.1951560442
694516.2598,-4490830.10281,-19101.0725198,-596373.560451,-142419.100622,-184579.823476,-12183.0991029,-319181.085394,43432.2967101,-81816.0664113,38395.9317682,-59599.1414256,12362.648413,-24185.0041069,18717.6645323,-40509.0391287,8.51380134076,-5.17475082425,-19.152742267,-36.4186362519
-2882957.46888,-4865735.39017,-723932.563414,-218402.613904,-94075.075199,-467836.556981,-34585.5774007,-68905.9391951,-44566.10261,-88399.6339465,-26906.9733147,-67094.7178826,16384.0875413,-75241.6936312,1038.18685449,-31057.4782013,9.57842441649,-58.9198816854,-40.7465308602,-59.6552855461
2643638.98723,-2615999.08692,-388337.367981,165709.63962,243906.456186,-11729.3330667,79446.3370173,-66108.2659608,46386.4343145,-79619.4197555,58139.4385835,-54097.2647091,72336.0103474,-51859.7791501,49404.4075659,-30909.989711,3.30932112917,-12.5886352089,2.70052321848,-38.2345604316
-2201618.04568,2572667.99771,-365799.304506,15741.8423221,64061.7638313,321402.754404,82863.5398491,-190312.170751,-129410.058134,16250.7098227,47152.1446549,4638.1665345,30208.9972304,21511.0684185,1027.48496117,-24419.4518434,29.3425177628,48.4138725523,19.7495995182,-64.1513499396
-6614352.30693,4509751.27902,-785382.96578,-322065.088452,-189859.224502,181057.109023,-29836.9631307,220703.634028,-62142.5789965,110819.314198,-31663.9547729,23610.0446885,8160.25095821,52778.9874486,-18276.7630146,30834.5335913,38.4260015019,-5.56443760368,-18.5148921786,-83.3013241366
-603206.475646,-781515.259392,-23903.7105274,874567.222301,-198655.224249,-194785.364143,-216432.090302,66400.1804513,55853.1125527,-54752.7810203,-28929.2323724,1534.54199679,-5874.17703626,-18270.2909317,6644.2709524,-5928.12918186,-10.9177229461,-28.0695810119,14.7667494545,-94.8874207125
269547.116869,4321036.12427,664994.425863,1484767.92317,129810.671691,-134070.694976,73711.7702456,-52507.2716722,-51300.6818018,95192.391447,82015.3227872,99091.8873942,47121.0056659,5409.99054552,7961.96884518,36019.8749562,8.70049840098,37.018752801,-68.5751343345,-10.0431463695
1136911.01107,4224972.78044,-653099.964374,1044378.03071,264075.562085,151000.444693,91592.0557929,26692.9543243,-2743.82211501,177058.745977,11711.8460901,21049.2144333,39796.8622528,11142.6571113,27131.7102899,24519.8984956,124.012080026,-39.2952417538,47.1756334573,-71.5105189219
2038519.1578,1710923.00273,-1563595.41,-651184.25591,-134564.674367,157625.230504,-137301.672399,52939.8203784,-14898.971021,-37852.2627793,-29941.7540501,9190.19371501,32173.104287,37487.5015563,-8033.45264631,-716.325057296,-109.334703262,-7.51815480663,-72.9023874491,-66.7842175446
-3209637.1059,-274044.100569,776914.03622,9688.46968164,-115287.514348,-17474.3339797,47250.7883803,39263.0565399,43020.6776675,-52629.6578044,68320.9429314,-30030.3374408,59285.8580781,-21930.2319331,27293.6129322,15090.5100394,86.3661261916,-98.4246200553,-19.0017664867,-119.865600211
-339835.656288,-2853931.19457,2109585.61367,-827748.767392,45737.5103015,-259832.448482,99820.8627509,-83196.3861084,123813.465292,-40333.3366114,78718.8080063,-69468.0865523,22476.1876726,-41875.4506757,55861.7091525,-28654.1010918,-82.2337566785,-62.9772031946,-76.8895591905,-95.7403495151
2168221.59601,-3606466.96189,1064160.88066,167550.616326,227098.748346,-89132.1082596,-188887.746926,-220739.463215,58014.505319,10686.3866715,39346.2735818,-53914.943252,19266.5484614,9891.87002186,10680.6930298,-8782.19636465,-86.4539663842,-8.95533685249,-66.960084395,-109.783782031
120524.336128,6078129.22535,-1264524.9015,1597924.9694,83800.9758385,194044.677355,72951.7489374,12971.9202441,-13129.2723149,118454.854869,-9501.74512304,97849.7496996,50235.8713677,58327.268856,15936.0328881,84697.9670203,-18.3211803228,52.5002153099,-32.2209824906,-32.555030155
-1866862.07506,2373889.45937,-2305775.51913,452431.795561,-141392.823325,177836.616845,53757.0669681,227721.520405,-93554.4521092,-55053.1877785,-18039.4660003,30152.6163705,8253.3667288,11435.1445547,26143.6045564,6437.22011035,71.9328041186,100.5925387,45.5062140232,-23.5188976577
1920109.23343,1262196.67386,1212114.07526,-1898830.48177,23259.1506119,-128381.463899,-128941.2001,45906.096656,-28172.7612674,-150780.265505,77649.1536361,3461.10624275,26674.6918948,-5717.95825254,12437.9392712,-9032.11617393,-175.468864406,18.7443839766,-194.84485361,-73.8446509229
1289294.55036,-1233317.72252,1665639.78706,-1457245.94332,29901.5601501,-284353.328375,-114591.532849,-308474.99628,169848.408316,24387.1306411,104085.948938,-27573.5276113,98694.6739237,-19889.606408,77275.7650721,-15726.2620474,-62.1193615851,-27.0913039121,-64.871275884,-4.15896110591
3192275.45117,2016192.22421,767505.149299,2262573.02054,60449.906455,161104.522529,164048.643078,121904.755751,116692.556793,79476.0969819,-24171.9634021,91002.2190563,47624.9331219,33326.081693,40095.95555,26047.1680274,86.3694276815,-140.436284976,-132.577795341,-257.818049499
2347562.87161,723344.656494,307706.866609,2760647.73765,34944.7026076,213579.342416,28599.7303604,141462.035,-69103.8543753,123978.303883,79476.9451019,95093.5602516,58456.3437321,55217.2842787,36232.0480643,67027.1785089,25.1406776763,-198.004627692,-5.24741882234,-143.002159498
3124475.99642,1528569.57414,-961942.572664,-1423865.63856,5609.30126231,-147881.613041,124606.128438,-51804.1800358,-61503.1423667,-37908.1034915,48583.8331346,-143105.553214,28995.7542943,-38683.948959,29545.7248026,-23525.6245523,-79.4987072089,-26.0394528955,-49.6214523748,-143.171731789
-3573883.1191,-3141150.1359,-1479154.49483,-2216964.17927,-237094.356491,-230472.241218,-249153.39848,-71875.990831,-17140.1335529,-161521.221162,-65414.6916115,-76120.0338273,-11312.6364889,-4461.58079134,-36600.3442529,-30358.9440731,-110.605975097,-5.52718454412,-77.9173140122,-56.4261230649
6179770.27008,1505122.82019,2015875.46063,143370.819363,-12154.0451633,97366.6663415,-38885.206807,-10331.6619374,175405.625443,22411.814475,161167.365156,33428.7069034,105393.372022,3968.21148353,104825.048669,25278.3348041,-98.2997519838,-133.336482954,-8.67114554876,5.74041208565
3739125.3203,2233235.00292,2614608.57577,1643602.91326,337013.185843,47484.8743947,451366.336262,-119525.100555,200386.721902,107434.545504,93509.8888744,34816.9321986,80560.4478546,-11716.7371151,104913.908015,-2432.63766669,-3.70660499078,-170.218318082,9.92983462407,-260.118123805
4952726.60341,1308542.65703,610252.661741,1557379.17112,47647.0846911,72348.4255376,8584.05752235,270281.034791,-85465.635077,123103.232712,46237.102855,83182.0111617,59120.4209215,70952.9269615,41576.2353426,31689.2757576,-240.05262247,-175.256448194,-177.363192274,-160.087765438
2877561.853,-235303.755234,-1839399.40422,-96637.2596664,-135516.442744,40175.016233,-313215.036197,103906.674694,-50147.3596675,3720.52185512,-2638.81176375,-15130.5399062,44339.5424331,-20660.9743594,20876.7337583,25682.6277935,-131.071891793,44.2141955446,22.6640448873,-77.2304935135
-218614.178914,-216378.528273,-1130064.59188,-1307075.88391,-183901.099321,-119385.975608,-75069.3422374,-230615.928403,3758.93010308,-165402.504538,4581.23434889,12444.8257428,20204.2129536,-43782.8317005,12969.6532145,-47631.9584192,-56.6912801501,-120.291000968,-73.5720137162,13.346209916
-185308.690329,-2937311.81219,2213251.24818,-563157.155766,62212.8467709,95617.1341737,178070.536432,79509.9603803,70668.2619699,-36674.2807539,140830.400816,27449.1191382,56928.1371235,-403.153181684,44819.602884,-15913.4743824,-220.868226202,211.479779823,-86.4667764155,87.1589189808
2146149.96675,-2860120.2786,1141329.81088,-447708.016842,77578.0758707,-131561.2092,84512.6503087,-104447.381389,115211.329374,65662.1509768,67931.2437752,-124509.820188,77062.0700518,-28711.4653426,74045.481538,-41553.066755,69.14988093,31.781001649,12.04475221,-68.74922068
-2702881.17407,-973476.554018,-1453301.71782,1729867.05489,-208028.230954,101704.131688,-61860.7523144,23720.4130661,-36019.3900939,54251.1933866,-48775.5037409,5826.60085992,9329.39652651,-7546.52790003,7728.735295,18315.1912843,76.9827237155,-91.4006787411,-18.0877445164,-196.931052018
2779822.51669,2646291.95939,291095.768111,1721570.84514,124042.197938,259586.145863,8749.63255727,414446.184485,-56053.7773678,27623.7907143,100813.428672,41431.4169203,63593.3011358,31688.9619634,44117.865409,43474.4115983,-237.06894615,-105.378941916,-115.794334707,-212.331499045
4190690.65645,-2920962.61574,625535.214634,-2184867.70504,68342.7366846,-220103.056962,-62834.6986414,-352992.208234,51764.3491388,-118514.148991,56824.7179483,-130416.178341,33330.4788921,-62047.1862096,60381.741737,-51698.9553631,-107.250910171,5.95705293602,-134.207466679,-126.609223986
-1094590.9989,1872199.31194,910393.406722,-640051.76422,-67749.7879706,13270.5636205,199088.789616,-131915.867195,90273.6304106,15626.8933222,27566.3140949,41310.7962119,16844.3915778,404.731653163,5358.02320713,-33056.335081,13.8253713162,-94.6544261828,-68.854204611,-14.9857641855
3766183.4273,-1148877.55186,1013279.50207,777100.267504,134986.461462,17882.972186,119986.643726,295015.249081,155681.374192,65881.6373067,93209.2736544,44645.3772115,101880.239097,-1399.42023264,61461.4568482,17486.2758812,-31.1082060198,-87.7754519392,-2.91761327981,63.0141129523
19048.325398,-3760610.47884,-613908.130511,746494.293378,-96549.975114,-37352.5054541,-161486.311734,-20358.2576758,-7799.76842384,6050.34225941,-3660.17744946,-26135.1852581,22115.5521992,-52649.2723664,42888.8699517,-53684.5126797,1.30100514585,-146.615715944,48.0542868875,-70.112946526
351815.873762,-2685400.32789,-395109.471263,-580837.956708,-27095.4175759,-29928.1077519,71021.1719269,-227500.42857,-87767.0305417,-62581.0884989,60550.7451035,-33191.3128884,20290.7270831,-2999.28102946,4476.18113275,-33432.3434732,-21.1898831091,-133.751954885,-76.4793220675,-108.030638113
-3473864.5194,-3363003.1135,-429705.686442,-2069377.3863,-202309.108644,-18511.4131512,-166024.635866,13133.2345854,-21395.0857813,-97854.9634328,-80199.0820224,-88779.5919762,-4245.40521052,-24707.2845256,-36780.9037953,-14687.2422667,-208.847504987,194.492164289,-183.690513019,34.9969539455
1147356.04269,-2487275.0977,-94309.9055843,-181199.264352,-108569.179496,-10226.5587297,-158536.157652,-113815.57689,97758.0230688,-90010.7049784,3296.80307664,-10083.8884922,18050.6533471,-5130.47479807,12531.720564,-13084.6959064,-182.67257167,-65.1743098202,88.3880281391,-16.9485625736
-2005566.45059,2770238.3922,725113.909777,1765641.2905,142471.142147,64471.1880331,172441.053758,119217.72443,-21865.2691351,42334.8235725,92766.0149612,-4058.45944406,51550.153421,10709.1732273,10886.8278509,37846.0897655,116.38747718,-119.516306416,72.2826961238,-58.3183814762
-1063965.28348,-2066885.23555,-892066.311542,-182601.401719,-22644.5220832,159398.661848,2819.7194034,26752.5382216,-34996.2632301,83696.0695137,13296.5811637,-74997.2762785,43797.792597,-20925.5950771,32927.6844662,-16872.7559435,80.1846830786,68.5858327867,79.8766537016,-144.500678615
-1794178.63252,1113231.23354,-1698517.3857,-491693.813291,-197071.738996,-739.974608991,-224510.786676,-35837.5304271,-80327.0837004,-78291.5597016,-60257.4903573,12609.618453,-29608.3760961,-4367.86001998,-21169.486988,-17072.1723213,123.55328837,-137.589510759,-119.689848678,-136.521209758
1281594.41959,1604431.79936,781240.028357,477501.963678,14627.9307984,119845.476701,173622.96367,177086.458994,-8807.52873918,-2934.76497674,51924.0081818,87960.8106735,50012.6677218,37219.7541018,43884.2778136,55655.368372,-20.711413269,-51.8066420951,-15.1158715775,-112.601332716
1214862.5,-897165.079228,2678591.0,-968259.702701,372664.0,-234424.41655,325530.5,18802.2775416,150226.5,-95984.1935776,97007.0,-34661.8007611,82704.0,-42291.4845684,95848.0,-24046.0613615,-36.5,120.377531126,-118.5,99.5929214352
-394359.705793,-2703652.27951,-1130417.16193,636621.698429,-255964.736734,31244.5620608,-224971.548996,-138535.791375,-82136.9602806,27863.7705894,-75873.6751409,-35173.828167,-27494.8324345,-8994.42129245,-44721.2460816,-36688.542279,84.483925422,30.8580816418,-19.0571726985,1.83846605496
-8436743.91598,4146342.5268,-2619259.94833,815123.159684,-136958.208755,280438.787509,-99124.6165188,164215.922888,-83064.0443012,149310.677303,-116293.971598,76702.2490696,-9160.0533755,62558.0363046,-33653.7867234,51196.810603,-0.0127505026224,42.0294319683,-74.9983073854,-0.720140917563
-2812671.58612,-5367368.69352,-1339977.67128,-1984075.52122,-194652.891966,-199115.44624,-54650.2641386,-55572.0546092,-70856.1356864,-174440.483883,-36599.5349516,-79155.0600377,13202.0092658,-38558.122976,10509.2669008,-76563.739326,-53.1647526787,175.024592447,-108.448570993,-35.1377951637
-80217.213231,-2695184.41489,1345731.67107,-1373286.72144,4646.34940977,-96737.0082152,-74384.545794,-99383.0098234,-107779.09397,-113680.786219,43024.2107544,8383.79865367,25975.2628355,14545.2362516,14129.4568473,-8347.51764236,-129.031199455,102.127246134,-158.310034106,36.9078932477
-2214642.8707,-711047.718236,953683.782734,-390143.725185,259032.250092,-102082.374445,153517.387871,-76493.6565641,140439.567995,38657.8861762,26979.8121935,-25733.7378425,76234.9916765,-2739.15811346,46515.3124979,11305.8359532,118.49706371,59.24629722,-8.87622195257,61.5888604621
2240150.66418,2637935.23014,-690469.419988,2181093.46658,-103587.631309,325781.701954,-214687.063395,191609.050771,-21578.6852727,64676.3842899,-18578.2578037,80515.5517036,9599.78557147,42420.2905915,-26314.4159417,39239.6310706,-74.2030025096,160.421770177,-86.5328043042,-44.4783977147
-3758129.85135,3314429.05579,-1883751.46079,2514846.4136,-181012.66133,335636.589041,85367.1754053,98205.2359514,-102853.452185,129693.932423,55512.6324805,92390.3889359,34987.9871429,54227.5247454,-17733.5908672,66646.925459,63.1914139484,-115.122918958,1.09874252197,-164.702690275
-3778430.1093,184280.173872,-958690.388884,-2472877.34202,-94569.9861299,-167586.572544,216999.964265,-115845.767223,-86010.8561706,-54698.9406722,17108.3452575,-65785.4332548,49548.1664519,-46966.2982608,34959.4610141,-59791.3365123,162.290751589,74.5287168668,-52.0606616083,-31.4761224235
598327.984753,-3654751.87678,-41367.840648,-2449885.16736,31609.7304042,-159431.940145,-134637.657436,-68406.7096184,11915.2457184,-144638.249822,-37916.2666897,-60044.7012276,29885.7387379,-26377.06796,-8826.94151541,-47786.989673,29.83592135,42.6635650154,-0.150809945667,-30.588068219
4338.81975223,1500704.65004,1665132.73038,1998117.13237,238020.325237,219327.749994,37399.8396624,260288.104038,116677.654537,117302.451898,41995.367146,139721.860428,94247.0876326,81967.3206602,69392.1050303,98085.9656412,-3.99805398597,-31.6373235455,-29.6919082215,26.9918270637
967450.694908,4465167.65008,1113522.77154,2400403.0477,82567.2705137,287233.303794,188069.062162,40362.3184886,85630.9695822,177260.187542,40390.9186538,39021.6675534,59568.6930844,6371.64478275,63754.2283541,24853.1249793,-77.4277476785,-63.4355026341,-155.10627601,-76.0718534626
-2684036.95266,-1369490.27157,-2342569.96745,429462.78235,-369396.912982,31172.8713781,-219337.074075,-134927.967904,-210101.562072,-35034.3367107,-83738.3597017,-60451.1638575,-43500.0458043,-20408.0850936,-59886.1233002,-30384.7918446,-62.9710007938,49.1473087488,-119.765511922,-41.8181700092
-2716896.4496,-1141226.07282,-1258352.97132,-1550091.96251,79231.8090165,-224634.272836,36808.8764721,-86936.372331,21843.6251477,-32135.2692627,43271.901678,-27878.7948028,79634.6279952,-8978.08535947,12944.3542226,-8039.59266509,45.210500851,29.2139633358,-101.903360233,-14.3696856979
2335169.74868,499158.80857,958373.945309,-1740573.7855,381618.026867,-251261.902636,237477.683469,-20906.3109561,135238.802264,-143206.071928,124446.174382,-62912.2516063,112673.343075,-70243.7246157,79902.0384295,-73187.9005327,-34.7490122391,-23.7049957396,-51.9205816939,-37.7555603351
-186868.733281,-891809.509766,2692926.48056,1041238.81409,358256.319241,290079.800083,74444.1147425,66719.3779149,81970.1589057,49196.8912795,76414.5583911,61317.3870562,33602.1669602,31853.8170535,30587.0084277,30541.2122895,-16.8632199481,-24.1307894161,-129.279605123,14.9646040426
-2938986.09904,3902267.58649,186892.144499,1547854.84712,-178366.933939,302088.047428,-85558.4752224,-82089.8892164,-22495.301932,207716.405327,29980.847991,-11187.0554313,17006.3746398,22119.3877543,20435.3729865,15886.0408752,-86.6477944465,41.3419851458,-53.3340235711,-72.7249824824
-2991431.02378,4863519.10487,-3253300.50442,961305.992272,-459815.101915,-145958.933787,-108802.654602,44345.2355771,-200944.98659,-30342.1777788,-193542.932725,18531.1155792,-85733.9029413,-33864.9354593,-102057.011508,824.059384303,27.9267762418,-5.97929281834,-80.9869276285,-15.1626443703
-4863204.16685,-1212108.29919,-1304181.46044,423041.685881,-32225.6135525,-80229.4028791,-158127.951624,243131.001679,-99492.793798,-71782.9888123,-244.81750853,40125.8451694,59398.3608873,1002.89707252,-11896.0013943,39204.1466932,-3.13892630588,17.7026498322,-31.7955431019,-73.877876681
5584292.40404,4137670.43077,2412176.99647,-2050622.08842,573932.699617,-112195.297999,373011.686289,-341824.258734,241754.575199,-74246.8241269,168140.913517,-70509.6511801,148361.798224,-52757.9801207,115852.843785,-42008.3770634,4.69108881395,11.9744630238,-41.6740069124,-14.6355623675
-3905948.96607,-501043.500746,-353451.137702,-52555.5270829,-92764.2366903,239453.707055,-178737.861594,51054.4185213,-58451.882859,109584.236951,-81545.8554892,14247.5173206,-30907.4640793,42100.3870824,-16368.6288577,1356.7859704,7.10733243775,15.9975762173,-34.7387206583,-35.3754743753
751308.06794,1883785.44649,-39125.1449908,2213442.82961,-231063.067986,416250.318161,-143946.299453,270948.196794,-46713.3828537,183659.2536,-3479.67170671,109121.864081,8199.24806168,81482.4954602,23113.3468506,112232.421566,-10.3111842449,17.6075263963,-32.8288635867,-44.9971162816
1505504.31995,-1826388.6737,-130150.313187,-204441.216588,-125965.913181,-458457.27184,222789.301138,-276190.048344,-49211.4486319,-146536.829886,100970.783153,-83345.7895968,46601.3320807,-92681.5200471,62036.2709296,-45344.7000104,3.2714536972,34.6748008887,-43.4684401605,-34.0559845623
1759535.68016,-1119102.40035,-1201638.75511,-1096470.77084,137097.372262,-336307.063294,-17128.1705184,-61997.3991611,-37110.4033455,-163720.702502,23913.5406728,-75968.6935712,20907.3596252,-66553.1804925,-14032.0957641,-35828.3123357,-1.44785151768,7.37287142076,-31.3129543411,-33.1638017847
-1225914.15234,2090504.14401,517091.232707,-733827.82917,371532.232657,76835.063258,-10276.4952085,-143716.605425,93594.1762632,1983.68831365,53278.9896993,-19982.3671778,74833.3440318,12358.2463234,37591.4114327,9021.70129975,10.7227826045,9.33663355056,-38.389515445,-42.5506154151
-342072.925428,4026843.11113,136526.188767,460984.605864,-158311.336344,297553.61101,79148.7554449,122333.987503,47893.7091877,97088.6439905,-14629.9395158,76930.7076297,-4768.58881734,45792.7446746,15010.2261107,2375.66770603,7.57501750955,-15.1293522337,-30.305423506,-58.3283508415
-5556596.85249,2872224.7793,-496252.772994,2247567.0209,-271880.418748,329736.30288,-91781.0067161,336093.846751,-186484.434262,142040.160976,-85144.0462702,189150.551687,-70199.8572393,106814.177269,-25839.3778084,90089.4697369,-27.4599188918,5.23570258551,-41.0784220407,-43.3701735505
5735427.9414,-759765.315419,432002.197835,-1147414.14834,52266.7300139,-446230.471858,-77732.8299805,-288217.99627,-5753.9714893,-39973.7603274,81032.7933146,-111835.61531,89143.0909836,-44545.6706394,88885.8574508,-28795.9760591,40.5809446195,13.6474146835,-49.9665641924,-9.45209534478
2142046.57955,-127584.699088,-1188746.55999,-1149427.09652,-1359.20553633,-308098.096425,-97877.8463725,-300254.297112,-3708.95985789,-116126.60551,-77708.6393818,-61243.2272134,9261.5089305,-56512.0460936,-15147.5071586,-18070.2481399,23.689717877,-29.1577989156,-74.2743567038,-72.8115081321
3766490.62312,8786238.70127,747442.039924,2182923.08925,273789.417101,465687.146363,244416.160078,393236.774619,146520.726776,215116.782568,121794.632303,196690.179857,108650.929354,141556.118587,55887.5084743,106441.280816,3.52239844629,38.8917319367,-58.5175208482,-61.2317872673
2214642.66236,-1979345.26549,1548469.01386,-384846.007695,61459.2279895,169072.998034,118002.030071,-62673.9065893,96949.3239834,-18387.6953348,166041.561721,-77206.4570321,88586.251871,-7387.67642404,108108.986513,-30338.3227398,-89.2112862899,15.47617021,-83.459160813,-7.52345129854
1962719.50935,-2422079.67642,-528647.25168,-591382.19422,-252892.210346,-276214.926301,-48702.3868898,-248934.157141,-51639.933575,-32930.5601822,-5369.51239115,-36228.1744584,-36299.6436011,-25988.1372391,-22175.1548099,-62613.7151756,146.125777043,11.7443846289,-22.065032226,-90.6596892863
2317615.55086,-384212.790402,-140021.996102,-3381.69602928,-36354.7458999,-117093.753707,-124299.812042,240347.802023,-22851.8564209,23225.0922478,23132.5289696,52742.3591533,48574.8573455,15384.5999693,37709.7122384,45508.2066508,-60.1234316099,-144.321848133,-19.0393105691,-28.4249836026
7412726.52583,-235455.888839,1438058.98683,-1008361.64385,431350.894059,-134627.191866,149385.514783,-144780.381493,150383.620441,-107558.863796,86241.4351193,-20452.112803,81721.7551657,-39895.9668895,83497.0240602,-24768.5484983,45.3335232947,-86.425099074,-12.9853036937,-164.699701269
714933.942167,4469208.2459,690511.706964,843723.507951,73399.898888,204316.698326,160749.195106,8817.16589286,31059.5681977,10246.0926734,63665.8275069,100547.244948,31919.2443309,83465.4020946,-2335.38807321,53364.8959495,68.3795461506,54.0346068188,-19.134886936,-135.940999517
-1226695.68684,3537536.2442,496680.616566,744871.766172,-91632.6432564,168168.971333,-136181.654252,256271.34098,-15984.946571,131161.110368,13307.8839673,47873.6988017,55529.1398949,56638.2716346,34241.6606588,36761.9829686,149.982670533,-57.9789114126,50.1401283852,-56.5519942459
-1065169.60341,-7113217.73195,-1683840.16174,-772443.063504,-309695.584691,-352660.784939,-409536.057522,-326979.470617,-27829.864923,-104199.396145,-27699.602855,-47988.1149384,9521.07907854,-44454.5969147,10896.2646574,-52594.3916992,64.05262247,-28.3756474196,-115.656541152,29.7852900281
5583778.81372,2704292.04074,456545.135526,595073.812856,235201.746693,38105.2169995,297405.355858,29757.7654319,66359.3678485,50963.9629278,131027.975962,81036.3619305,101042.31473,43934.6524488,71366.9284341,55220.6419443,66.4380445821,60.6415855385,-20.2507432262,-176.408996812
7275690.30072,-4452409.26559,1871376.65306,-1754574.02754,437274.100326,-245830.733965,405898.694737,-91837.3391823,153712.467391,-41278.3856815,207628.139471,-146786.469323,190902.259939,-57221.7962569,170008.622514,-47869.9721116,208.509828671,39.0948820815,-8.86417706549,15.7970393373
-599734.693441,-2304917.9121,-972412.799661,-838870.622125,-403188.532073,47434.5063484,-340396.541337,-102988.678877,-45601.8278825,-96730.3054944,-74179.4830788,-128180.959768,-49809.2945664,-68638.390381,-35549.5806414,-59343.1007326,-172.327243016,-139.875054665,73.0478110001,10.154020299
2940549.85274,3422466.5573,737793.788281,2765367.75075,-57265.9159538,384000.755065,5387.57175391,308729.035694,62830.4986407,118045.595304,94916.5078232,111743.332326,58808.283538,76002.7663901,38678.2154163,70904.5806509,11.3491638534,-77.6236431196,118.82268163,-77.538588667
6298633.63084,-4623303.68095,1509005.00879,37206.7844428,298141.305624,-298395.447515,402498.218264,-117571.085462,183298.457079,-60088.5892849,190204.55159,-58746.7703219,125858.313673,-91354.831089,119586.685585,-82805.314525,46.350846064,24.2833131609,-134.638558428,-63.6269722655
44732.8201344,-5487002.11479,-1229153.41105,-1470578.08761,-44838.0311746,-258922.279376,-123475.320749,-287590.276609,-69222.7640653,-102407.216017,-25654.1076351,-54809.0031297,-13140.2430431,-62451.1604842,-12831.5549957,-78158.3262324,-72.4326818122,122.496393199,-189.855895048,-10.9364778263
1395462.99131,2728619.727,222715.329789,-779424.034848,13154.820359,192707.406829,7877.42397298,95939.5222686,-35089.2692079,66918.8205719,-5797.30323765,51208.8296529,58410.7161766,41698.7178392,27683.4096509,44319.9687626,-113.348945923,-243.376004622,-31.6075224571,-114.901002789
-1836396.88376,-5784832.43442,723082.264131,-1118674.26778,-41395.3534362,-79957.1642354,-143995.407537,163145.742291,-4272.03514298,-107605.610608,-30327.3644287,-20180.4945501,17095.6280591,-21349.0289545,11067.7062946,-34196.8665551,-56.9123033053,-214.725975294,-49.74571385,-223.943975178
1398051.5,-1330853.28094,311621.0,506782.477837,-178960.0,22992.9744705,-255915.5,-166338.36533,-30530.5,-71576.1335974,62679.0,-65842.1793989,29116.0,-16362.6839791,-7047.0,-23025.8834358,-120.5,-279.726205422,66.832704407,-75.7294734195
1684602.86617,-6089785.54957,548916.12907,-162394.675195,152446.69441,-239497.084406,239895.387252,-349449.774822,52016.8589693,8534.44073315,92495.8042806,-163189.073998,76771.7147008,-75415.7380713,65770.4560815,-45537.4715095,-97.1741960145,97.1745763062,42.6208331707,-95.3496337767
-2082246.62472,1961782.5268,-2378510.39359,-672222.967927,-152834.553736,-68481.2193077,-110452.557838,198158.898204,-13700.3428641,72108.4408977,-64291.080472,1822.37756153,-32596.7910655,-23482.0390057,-23837.5710241,-25792.3948367,-499.651718148,162.431159769,-213.612935782,28.5204102719
-2381429.91332,1720645.55114,-1046811.55538,1319690.95913,-113437.455216,388617.95609,-162280.766037,299314.283183,-119111.460444,43910.2084166,-13572.5802106,127650.206728,-13473.6804293,99071.5698648,-20839.1451157,100135.906639,-4.55524370117,-158.222404657,126.388478057,-36.3763370627
3139552.66004,-1723417.81652,2618862.50972,-1924517.39376,235291.765109,-102968.789606,338815.750728,-16468.6346436,85793.415575,-64192.1258093,128017.675707,-80394.8314404,112607.315694,-52533.8676055,100792.088399,-32809.2542007,-56.1714022901,-282.204888049,-70.1180275846,-320.444327438
-3505668.16134,-5448739.83753,-542006.59745,-1445933.37824,-236161.685408,-292629.358995,-325125.145304,-305657.42435,-27857.0607669,-193639.733483,-111727.472229,-114707.95624,-55164.5667261,-90833.7327406,-44645.5699412,-94014.1734149,59.1456393566,64.088601332,-185.785915848,-113.369546642
2116027.57787,-1028503.43473,143989.918815,2391545.09905,-54426.1817123,286891.226029,-61718.5271948,188362.956886,28113.8412612,97028.3163116,5608.00800864,132962.105562,21176.5580724,87189.8397942,24216.4935463,61804.6878987,-33.4373911229,-94.497351556,-9.48059228397,-80.5261330557
2296744.45918,-341083.458405,266671.152977,-11128.241721,279458.877136,-151543.219159,415811.606044,-12572.88395,92039.6571914,8937.61526399,131277.48145,-11256.1954473,109975.163778,-36585.0871141,125667.151687,-24043.3173615,163.277239456,163.432321356,-6.46869365447,-204.899586071
-8175516.4701,-1596344.48744,-2000377.57624,-1591983.61406,-377147.605497,-183373.257762,-329965.222983,16289.4026642,-251489.294207,-54071.4249194,-145178.304192,-30877.0940291,-62067.7774716,-18661.5752002,-79940.175026,-51672.7940263,-221.917135663,-510.323914003,-366.816902063,-91.7443226289
-5356926.27301,-7812219.30844,-659547.504057,-2044716.1294,-155558.419257,-20864.1337271,-225894.773889,-50513.8525007,-51940.4546004,-66872.6281639,-53668.4035986,-58298.8558598,-8102.68532312,14331.2241103,-38118.4461899,8442.62462583,-376.911886195,-304.757070333,-281.684925117,-145.232548284
-2202128.71856,-731693.8124,-7918.10326042,-1014240.16717,-64642.0955621,-260139.509387,-45127.2751754,-123346.151046,38867.7338653,-106404.285459,-33907.7922688,-64010.9332639,-8680.38475534,-43437.6871853,-13323.0220996,-77926.8961844,-14.6688553346,-130.595592301,-190.737704336,24.3050119883
894108.198045,-1451589.72486,432305.086568,2193698.14058,-157630.048793,194234.67991,-12458.0872508,76189.5134858,-10458.4840493,84150.6006299,38458.6661092,79263.8291489,21643.4424997,67995.0174846,-4415.75182042,43112.7526596,333.195472254,-414.00884478,-123.531702605,-111.539579444
996702.244372,2951454.9472,94346.4055767,1170958.33218,150339.111184,67766.2749375,284633.516713,-67614.8976511,54378.4000424,125681.844942,139118.093802,22115.1042918,93811.0976113,28578.5767954,76417.8647188,25643.9923882,122.450966437,-120.280836299,-7.07073923565,154.379027484
-2729812.18804,4588203.1145,-2243305.9446,-155883.12311,-113598.266995,15925.7427281,-141917.360686,64403.7449808,-89942.537544,32626.3884814,-64667.493438,84071.9256532,-23489.0088523,21895.2425861,-59802.8039014,14682.6768929,369.836718359,-17.4066447239,-216.22271961,-106.107390454
-4610339.25523,-28325.8953283,-518965.062202,378106.976181,41808.2715849,287185.673964,-210808.636562,540359.828938,-54744.2324007,65368.3426641,-22178.2843877,172315.187742,23354.7308124,118806.348924,-34066.6371047,118931.40417,-584.121188416,182.648337319,-363.496717778,-186.523376028
-107223.506069,-6814360.86266,2211890.87248,-2130670.99491,141293.261709,-307701.120927,228709.107178,-396307.671678,112904.710725,-144598.8381,120077.130272,-107262.875908,129878.060456,-47951.7820108,117684.304334,-63861.3815381,-202.054957032,-22.8715988381,-346.499927317,-50.5922048568
-2353960.95835,-190373.308821,-378959.241225,-570385.205246,-188038.951452,-52833.8822498,-3843.10768123,-61033.476861,-26359.1249939,-17473.4197033,-83682.523921,-100976.075973,-18599.3760002,-72281.2702877,-42397.8808148,-71894.2016063,-364.769240478,605.482119771,83.8555833184,-416.731840367
-1838817.92726,-1166020.12314,-641489.749421,1777403.17493,25855.8994757,206303.728104,-154918.203244,321369.69865,-8349.50114662,129225.078571,-41772.3616255,65720.3057953,43968.0254993,98244.3228854,15237.7337138,101949.678945,-369.501088664,-94.5192785318,21.1309578702,-530.317897124
-5427550.98475,6439300.02172,-1123216.65935,351041.050766,4017.76959582,18108.2896161,100321.657436,44382.5305912,4631.25428165,11144.2061074,109034.76669,42514.939383,99638.7612621,32520.0952041,63837.4415154,14953.3828696,298.16407865,-94.5506225267,-34.3301202523,339.132529256
-728938.944825,-708958.993513,-1295385.54225,-804879.902637,-189709.598825,-66168.4266553,-92596.1784758,-45651.3207049,-95357.177465,-44930.3287408,-446.941202384,-9831.25732785,5517.02357816,-16718.9867745,-40636.1528586,-18746.278498,329.4145994,-300.193512091,22.4225327182,-63.8948761504
-7072760.80809,-656134.725785,654727.914786,-383685.008634,3496.4771861,-1356.62489443,-119700.547416,-200065.642089,18708.516369,-13761.542965,22520.2566408,1973.17161691,42852.196945,-8180.80475875,23277.0896145,67.8627791716,591.520786336,-659.578993744,-286.436478079,-183.406106544
4073223.12698,178134.163315,536840.819171,-46892.7562667,90011.0090484,-97255.232778,189018.375495,-86905.9537242,100836.790551,-86520.4313312,39051.4891375,-63838.2367972,52879.0983945,-72595.914957,40672.8386343,-56905.1400775,12.9026487522,389.833429117,36.9410891543,-304.008171416
114938.021285,5453767.61508,-185700.053716,2497780.09934,-26916.1755829,366829.459303,19657.2984456,384992.792605,-50639.7253645,174599.603585,84290.8007669,138800.805797,59815.2537067,70910.1746375,18996.5598313,96347.5444874,-151.40801601,-331.566055457,2.19210551111,-8.42680439555
-4316826.25372,55253.6362403,250419.210671,-759115.041774,252483.818894,74030.8159092,156433.92469,-62631.3276213,42046.2061611,-16581.4726627,125588.565452,-98003.6272541,138263.081127,-46591.9328977,89894.2412822,-34597.0520596,77.6955819813,313.419355181,-157.144914665,46.5579104443
-4386991.88504,-302167.926124,-1880446.23767,-1852116.90365,-331583.090319,-259733.534023,-305077.428487,-316087.232013,-105952.146087,-108561.949532,-146751.694687,-124822.688871,-76797.7901913,-86820.8855516,-90703.9318069,-89067.6448984,-34.3325456754,-158.805204261,-248.504372819,-438.914940213
-5256727.41739,-814906.759587,-1173785.72142,1038403.31199,-291844.596232,85745.4337327,-102910.224855,238296.774563,-63341.2069759,50198.0153945,-124712.491711,84194.9485196,-53677.3848513,58566.5380052,-47841.9256959,74739.1554061,365.976214239,-90.0998447453,-144.513826487,-248.229960549
-342418.623459,3938652.11213,2176487.55494,735050.232246,395793.34082,61895.4154373,275308.63917,115342.442191,110625.728989,34128.3447513,69319.539668,-4451.12180033,109246.215096,-21293.5460742,96978.0674775,828.860605506,-633.847565116,26.3953533146,-344.870247566,-641.60906077
4331747.74679,85636.085832,-122141.569719,394944.349618,74746.7573117,35695.2868854,-129378.311356,-258250.919902,26566.8273949,-16568.0408439,37237.6758801,-80914.9935206,25945.0734777,-58558.64492,-19749.2894012,-38196.9152739,-671.875189001,-1079.8636633,31.5624018696,-368.777143585
-3656976.99891,5781772.87391,-1575405.23984,1108215.35544,-257564.997864,363738.570004,-131081.13205,190861.910795,-97068.6102845,107251.322139,-40274.3580058,79420.5447821,-3108.56147072,62896.2596225,-16122.2634573,76110.5264402,-253.663819881,-142.657419773,-110.283029167,-188.353196779
-298250.208963,-844025.413917,484319.280788,-1258185.63289,-106211.347104,-202972.070486,78743.0479755,-88604.5912581,431.891503374,-150859.386138,87717.2577376,5957.42549803,46776.0980341,-30208.1568279,40108.5441249,-15483.1608613,-170.667558637,364.046087767,-425.139177377,86.156823892
3703456.92361,-779934.156257,977909.771251,9221.34337686,33643.8339879,-93783.4974356,93331.3488259,76432.5507849,56205.0791245,-24019.6574783,103141.540793,-2356.70869688,28193.1959163,-3032.6989436,37801.3886883,9297.00069722,-1038.76855385,57.9720426443,-304.704009269,-199.025629937
1057316.23234,4109103.57282,873356.76488,1092306.09211,432350.899849,150911.030166,123191.562026,79457.109576,100328.652023,94908.1603427,28524.4086945,34933.7774998,66597.1573888,17884.2276451,68656.0735893,37845.1847968,-26.7359091559,245.405495612,-68.0367193448,-163.862982212
-6040155.238,2246629.27078,-2137626.45341,149208.953152,-222362.808473,66060.7822707,-351388.856549,-95461.3149357,-228559.989889,16312.024679,-162353.643858,-79308.0925276,-52961.5215337,-65114.6350528,-59859.4082573,-27105.5022964,473.24283892,-248.54773482,5.88078038478,-327.378545815
-5806137.15406,4556107.13178,-2652888.55783,1053624.42306,-527763.254029,309670.58155,-70423.6138842,368401.005521,-200306.299604,121002.789362,-170775.067087,120083.151961,-98032.4764344,99154.0541251,-85117.6031648,84260.296237,-9.0047854151,342.034297208,-273.579909638,-22.2260967521
1984648.04336,2386028.77946,2357961.68112,-1033135.1711,215850.594583,-210162.039138,62735.1190189,65.2655555836,89417.1648866,-50028.0006427,140895.136066,-24074.7892855,125217.565476,-2708.29421083,134339.62698,-22709.5203255,-1067.46413307,-239.441941211,-317.011426498,-280.970303292
6365093.34133,105050.361004,1155811.14308,-719744.430504,210525.542802,-344685.698249,38077.8366312,-506755.667599,130020.44486,-60160.4228438,41212.8334411,-63455.9532063,9526.13247334,-47363.3040269,28017.0676398,-52376.1451903,441.880283426,-881.932985193,-414.12563659,-49.0407770772
2345746.70636,10161732.9033,255945.319224,3695834.07328,207217.131849,514478.851224,235572.119286,464539.127131,112215.049406,323648.61519,63840.8990314,276598.50614,43692.3031909,210611.169664,19028.5811445,175254.165889,489.094457282,315.001760737,-191.090104343,33.3151998191
7166703.44085,6098595.94155,1057644.78995,1319105.76925,244711.79462,338384.642211,267996.469763,369062.629658,49857.2336984,144789.173274,178220.529626,172826.158891,106630.901352,81449.5999645,95865.0540117,68846.8577445,-325.831044285,-62.2445579478,-556.045112319,130.753904831
-5393026.07467,-7321271.79181,-2126365.13011,-2815108.88932,-401828.588982,-309928.747299,-249315.711726,-359977.86559,-216377.405292,-207513.476968,-51145.2044003,-196090.170087,-50147.0469607,-119007.292727,-51254.4627543,-134568.875882,454.790806632,118.510927749,-214.916351702,-134.360586901
3616113.45172,-5721592.93635,882638.137303,-1944597.33589,-133342.774286,-332658.042181,-65986.3030298,-130980.90712,55907.2348667,-205182.423365,35257.1013246,-86895.3492202,44330.7503772,-38573.0687152,32980.7514937,-33702.985068,-968.44723061,-135.337950803,-264.935165668,-32.3883123845
4906640.8922,959671.657219,2240278.42947,-148280.143276,412193.691479,-86359.1122636,4587.61433038,58175.7498338,196405.875217,-12272.6971558,106819.75934,43993.0032822,121031.994822,4403.6587677,103673.976629,1034.32695101,-970.697026553,-173.63607429,-243.268207523,133.315628975
-303829.197766,8810775.26407,-139218.094435,3306958.81927,82093.3828298,485547.568467,-47480.0846506,193039.918215,10782.025704,311574.00338,-21947.6097907,199673.746092,27281.9412459,166622.888862,737.622181886,156919.047067,-275.985863167,-95.7809525064,-251.884890339,268.31969216
-2583963.39103,7346933.4899,-1116357.62346,2276074.34876,-54415.8494986,473114.325519,151601.229799,269981.989142,-88442.0477276,301372.619238,-8230.41483372,153565.310411,23831.8106786,123368.100824,19396.779014,111611.424258,574.119414581,366.467913661,-491.775584999,-238.469353755
-653190.059812,-1996109.25401,-2655002.38074,-1887034.32817,-549889.188766,-441704.521676,-523730.666092,-112543.387554,-196658.571681,-142002.364701,-138201.996517,-85475.4781118,-66060.7720087,-75191.2665008,-65675.1470859,-85522.7968447,-911.013106738,-585.205302099,-407.310653443,59.6703846691
-263291.589434,-93429.8752498,20311.7343758,330702.752727,-100976.251927,65981.8123782,-156226.401617,-209708.293808,19003.6019343,-60805.9254857,45699.5605841,52313.0281214,47508.6753784,65956.4054027,30434.4462759,58770.1433345,443.315832987,-580.096673638,360.644131162,-285.623413164
